     0.000      5.802      1.138      3.241      4.469      2.665      2.388      4.814      2.351      1.200      4.855      2.655      4.969      1.533      2.871      1.357      2.038      1.367      3.553      1.220      3.759      5.244      4.002      3.422      3.712      2.503      4.756      1.972      2.020      1.399      2.030      4.890      2.244      1.825      4.451      5.242      5.264      5.003      3.439      3.439      1.756
     5.802      0.000      4.958      3.279      3.547      3.299      3.448      4.137      4.516      5.811      1.122      3.169      0.902      5.853      4.173      6.413      6.902      4.491      2.894      6.007      2.712      3.695      2.342      2.882      4.329      4.169      4.216      3.834      5.207      4.951      4.026      1.216      3.599      4.295      3.232      0.716      0.977      1.999      2.621      2.621      4.701
     1.138      4.958      0.000      2.957      3.331      2.182      1.525      3.686      1.236      2.052      3.933      1.805      4.191      1.108      1.738      1.489      2.086      0.562      2.472      1.101      2.686      4.106      2.961      2.360      2.599      1.365      3.631      1.233      1.097      1.725      1.799      3.940      1.375      0.726      3.318      4.340      4.313      3.942      2.897      2.897      0.635
     3.241      3.279      2.957      0.000      4.268      0.855      1.869      4.902      3.431      2.780      2.815      1.759      2.384      4.065      3.517      4.347      5.004      2.401      2.909      4.009      2.959      4.915      2.871      2.733      4.274      3.204      4.913      1.830      3.829      1.978      1.222      2.960      1.937      2.692      4.034      3.025      3.245      3.657      0.765      0.765      3.154
     4.469      3.547      3.331      4.268      0.000      3.551      2.687      0.665      2.175      5.207      2.532      2.630      3.364      3.595      1.628      4.280      4.471      3.256      1.360      3.921      1.321      0.780      1.525      1.541      1.065      1.968      0.712      3.061      2.781      4.552      3.922      2.378      2.735      2.680      0.318      2.857      2.571      1.578      3.603      3.603      2.730
     2.665      3.299      2.182      0.855      3.551      0.000      1.020      4.160      2.576      2.511      2.566      0.947      2.412      3.283      2.674      3.631      4.262      1.621      2.196      3.268      2.286      4.245      2.280      2.013      3.457      2.352      4.162      0.994      2.991      1.651      0.727      2.670      1.082      1.848      3.347      2.873      3.011      3.189      0.774      0.774      2.317
     2.388      3.448      1.525      1.869      2.687      1.020      0.000      3.250      1.581      2.709      2.467      0.280      2.666      2.528      1.655      3.008      3.565      1.045      1.410      2.610      1.567      3.431      1.708      1.234      2.459      1.336      3.238      0.451      2.080      1.939      1.235      2.502      0.151      0.958      2.534      2.859      2.877      2.715      1.520      1.520      1.432
     4.814      4.137      3.686      4.902      0.665      4.160      3.250      0.000      2.465      5.649      3.163      3.224      4.010      3.763      1.948      4.444      4.536      3.697      1.994      4.119      1.976      0.680      2.189      2.169      1.133      2.336      0.107      3.591      2.965      5.047      4.481      3.001      3.280      3.098      0.966      3.466      3.161      2.140      4.253      4.253      3.058
     2.351      4.516      1.236      3.431      2.175      2.576      1.581      2.465      0.000      3.266      3.406      1.773      3.904      1.480      0.547      2.149      2.471      1.394      1.676      1.768      1.889      2.932      2.239      1.645      1.363      0.347      2.405      1.641      0.710      2.803      2.530      3.357      1.496      0.824      2.221      3.826      3.706      3.094      3.087      3.087      0.601
     1.200      5.811      2.052      2.780      5.207      2.511      2.709      5.649      3.266      0.000      5.021      2.914      4.922      2.721      3.720      2.534      3.196      1.955      4.080      2.420      4.259      5.985      4.417      3.918      4.611      3.320      5.607      2.262      3.100      0.860      1.785      5.098      2.600      2.551      5.126      5.360      5.459      5.421      3.230      3.230      2.674
     4.855      1.122      3.933      2.815      2.532      2.566      2.467      3.163      3.406      5.021      0.000      2.200      0.879      4.774      3.052      5.356      5.818      3.506      1.773      4.949      1.591      2.824      1.222      1.765      3.233      3.059      3.230      2.889      4.103      4.172      3.262      0.188      2.614      3.243      2.215      0.420      0.445      1.134      2.059      2.059      3.625
     2.655      3.169      1.805      1.759      2.630      0.947      0.280      3.224      1.773      2.914      2.200      0.000      2.386      2.797      1.771      3.286      3.837      1.322      1.300      2.887      1.428      3.351      1.518      1.117      2.517      1.495      3.222      0.691      2.317      2.114      1.327      2.243      0.431      1.217      2.449      2.587      2.616      2.511      1.316      1.316      1.684
     4.969      0.902      4.191      2.384      3.364      2.412      2.666      4.010      3.904      4.922      0.879      2.386      0.000      5.150      3.639      5.669      6.198      3.695      2.410      5.268      2.272      3.698      1.929      2.346      3.964      3.563      4.072      3.019      4.565      4.062      3.138      1.063      2.817      3.568      3.049      0.789      1.122      2.012      1.720      1.720      4.005
     1.533      5.853      1.108      4.065      3.595      3.283      2.528      3.763      1.480      2.721      4.774      2.797      5.150      0.000      2.004      0.686      1.050      1.666      3.119      0.385      3.336      4.314      3.670      3.058      2.633      1.793      3.684      2.310      0.813      2.670      2.898      4.749      2.387      1.585      3.678      5.192      5.112      4.565      3.978      3.978      1.152
     2.871      4.173      1.738      3.517      1.628      2.674      1.655      1.948      0.547      3.720      3.052      1.771      3.639      2.004      0.000      2.682      2.958      1.786      1.280      2.308      1.475      2.389      1.843      1.300      0.898      0.404      1.896      1.850      1.203      3.182      2.771      2.980      1.616      1.182      1.679      3.466      3.310      2.617      3.065      3.065      1.116
     1.357      6.413      1.489      4.347      4.280      3.631      3.008      4.444      2.149      2.534      5.356      3.286      5.669      0.686      2.682      0.000      0.689      2.031      3.754      0.407      3.972      5.000      4.293      3.679      3.316      2.447      4.363      2.717      1.498      2.704      3.135      5.345      2.860      2.118      4.359      5.771      5.712      5.214      4.369      4.369      1.747
     2.038      6.902      2.086      5.004      4.471      4.262      3.565      4.536      2.471      3.196      5.818      3.837      6.198      1.050      2.958      0.689      0.000      2.644      4.139      0.996      4.354      5.141      4.696      4.089      3.443      2.803      4.445      3.317      1.763      3.393      3.800      5.789      3.421      2.631      4.595      6.237      6.149      5.563      4.983      4.983      2.201
     1.367      4.491      0.562      2.401      3.256      1.621      1.045      3.697      1.394      1.955      3.506      1.322      3.695      1.666      1.786      2.031      2.644      0.000      2.211      1.654      2.411      4.036      2.639      2.070      2.684      1.382      3.657      0.689      1.514      1.410      1.275      3.533      0.895      0.605      3.190      3.902      3.907      3.644      2.341      2.341      0.881
     3.553      2.894      2.472      2.909      1.360      2.196      1.410      1.994      1.676      4.080      1.773      1.300      2.410      3.119      1.280      3.754      4.139      2.211      0.000      3.352      0.218      2.053      0.566      0.184      1.584      1.337      2.011      1.834      2.386      3.343      2.621      1.700      1.493      1.747      1.152      2.186      2.037      1.473      2.265      2.265      2.013
     1.220      6.007      1.101      4.009      3.921      3.268      2.610      4.119      1.768      2.420      4.949      2.887      5.268      0.385      2.308      0.407      0.996      1.654      3.352      0.000      3.570      4.654      3.888      3.275      2.987      2.054      4.042      2.334      1.154      2.466      2.809      4.937      2.463      1.711      3.987      5.364      5.305      4.816      3.995      3.995      1.342
     3.759      2.712      2.686      2.959      1.321      2.286      1.567      1.976      1.889      4.259      1.591      1.428      2.272      3.336      1.475      3.972      4.354      2.411      0.218      3.570      0.000      1.964      0.370      0.343      1.694      1.552      2.004      2.003      2.599      3.506      2.755      1.507      1.662      1.960      1.075      2.000      1.835      1.257      2.282      2.282      2.231
     5.244      3.695      4.106      4.915      0.780      4.245      3.431      0.680      2.932      5.985      2.824      3.351      3.698      4.314      2.389      5.000      5.141      4.036      2.053      4.654      1.964      0.000      2.067      2.237      1.699      2.741      0.787      3.821      3.504      5.319      4.661      2.646      3.489      3.460      0.902      3.069      2.738      1.715      4.213      4.213      3.499
     4.002      2.342      2.961      2.871      1.525      2.280      1.708      2.189      2.239      4.417      1.222      1.518      1.929      3.670      1.843      4.293      4.696      2.639      0.566      3.888      0.370      2.067      0.000      0.614      2.037      1.898      2.232      2.158      2.948      3.631      2.824      1.138      1.825      2.238      1.236      1.630      1.471      1.010      2.151      2.151      2.546
     3.422      2.882      2.360      2.733      1.541      2.013      1.234      2.169      1.645      3.918      1.765      1.117      2.346      3.058      1.300      3.679      4.089      2.070      0.184      3.275      0.343      2.237      0.614      0.000      1.701      1.300      2.183      1.665      2.349      3.171      2.440      1.711      1.323      1.634      1.336      2.184      2.063      1.584      2.099      2.099      1.933
     3.712      4.329      2.599      4.274      1.065      3.457      2.459      1.133      1.363      4.611      3.233      2.517      3.964      2.633      0.898      3.316      3.443      2.684      1.584      2.987      1.694      1.699      2.037      1.701      0.000      1.303      1.060      2.714      1.833      4.079      3.634      3.115      2.447      2.080      1.272      3.615      3.383      2.492      3.734      3.734      1.964
     2.503      4.169      1.365      3.204      1.968      2.352      1.336      2.336      0.347      3.320      3.059      1.495      3.563      1.793      0.404      2.447      2.803      1.382      1.337      2.054      1.552      2.741      1.898      1.300      1.303      0.000      2.289      1.477      1.051      2.778      2.394      3.011      1.274      0.777      1.974      3.479      3.361      2.773      2.810      2.810      0.768
     4.756      4.216      3.631      4.913      0.712      4.162      3.238      0.107      2.405      5.607      3.230      3.222      4.072      3.684      1.896      4.363      4.445      3.657      2.011      4.042      2.004      0.787      2.232      2.183      1.060      2.289      0.000      3.571      2.890      5.017      4.466      3.071      3.264      3.056      1.022      3.540      3.240      2.222      4.274      4.274      3.001
     1.972      3.834      1.233      1.830      3.061      0.994      0.451      3.591      1.641      2.262      2.889      0.691      3.019      2.310      1.850      2.717      3.317      0.689      1.834      2.334      2.003      3.821      2.158      1.665      2.714      1.477      3.571      0.000      2.000      1.510      0.922      2.934      0.341      0.864      2.932      3.271      3.307      3.165      1.668      1.668      1.325
     2.020      5.207      1.097      3.829      2.781      2.991      2.080      2.965      0.710      3.100      4.103      2.317      4.565      0.813      1.203      1.498      1.763      1.514      2.386      1.154      2.599      3.504      2.948      2.349      1.833      1.051      2.890      2.000      0.000      2.821      2.780      4.060      1.962      1.145      2.869      4.523      4.412      3.800      3.596      3.596      0.675
     1.399      4.951      1.725      1.978      4.552      1.651      1.939      5.047      2.803      0.860      4.172      2.114      4.062      2.670      3.182      2.704      3.393      1.410      3.343      2.466      3.506      5.319      3.631      3.171      4.079      2.778      5.017      1.510      2.821      0.000      0.925      4.256      1.850      2.006      4.437      4.505      4.613      4.624      2.376      2.376      2.261
     2.030      4.026      1.799      1.222      3.922      0.727      1.235      4.481      2.530      1.785      3.262      1.327      3.138      2.898      2.771      3.135      3.800      1.275      2.621      2.809      2.755      4.661      2.824      2.440      3.634      2.394      4.466      0.922      2.780      0.925      0.000      3.354      1.203      1.715      3.762      3.586      3.705      3.789      1.470      1.470      2.121
     4.890      1.216      3.940      2.960      2.378      2.670      2.502      3.001      3.357      5.098      0.188      2.243      1.063      4.749      2.980      5.345      5.789      3.533      1.700      4.937      1.507      2.646      1.138      1.711      3.115      3.011      3.071      2.934      4.060      4.256      3.354      0.000      2.646      3.239      2.060      0.500      0.375      0.949      2.199      2.199      3.605
     2.244      3.599      1.375      1.937      2.735      1.082      0.151      3.280      1.496      2.600      2.614      0.431      2.817      2.387      1.616      2.860      3.421      0.895      1.493      2.463      1.662      3.489      1.825      1.323      2.447      1.274      3.264      0.341      1.962      1.850      1.203      2.646      0.000      0.827      2.597      3.007      3.020      2.834      1.635      1.635      1.305
     1.825      4.295      0.726      2.692      2.680      1.848      0.958      3.098      0.824      2.551      3.243      1.217      3.568      1.585      1.182      2.118      2.631      0.605      1.747      1.711      1.960      3.460      2.238      1.634      2.080      0.777      3.056      0.864      1.145      2.006      1.715      3.239      0.827      0.000      2.636      3.655      3.610      3.216      2.459      2.459      0.478
     4.451      3.232      3.318      4.034      0.318      3.347      2.534      0.966      2.221      5.126      2.215      2.449      3.049      3.678      1.679      4.359      4.595      3.190      1.152      3.987      1.075      0.902      1.236      1.336      1.272      1.974      1.022      2.932      2.869      4.437      3.762      2.060      2.597      2.636      0.000      2.541      2.257      1.275      3.350      3.350      2.742
     5.242      0.716      4.340      3.025      2.857      2.873      2.859      3.466      3.826      5.360      0.420      2.587      0.789      5.192      3.466      5.771      6.237      3.902      2.186      5.364      2.000      3.069      1.630      2.184      3.615      3.479      3.540      3.271      4.523      4.505      3.586      0.500      3.007      3.655      2.541      0.000      0.351      1.354      2.294      2.294      4.042
     5.264      0.977      4.313      3.245      2.571      3.011      2.877      3.161      3.706      5.459      0.445      2.616      1.122      5.112      3.310      5.712      6.149      3.907      2.037      5.305      1.835      2.738      1.471      2.063      3.383      3.361      3.240      3.307      4.412      4.613      3.705      0.375      3.020      3.610      2.257      0.351      0.000      1.029      2.495      2.495      3.970
     5.003      1.999      3.942      3.657      1.578      3.189      2.715      2.140      3.094      5.421      1.134      2.511      2.012      4.565      2.617      5.214      5.563      3.644      1.473      4.816      1.257      1.715      1.010      1.584      2.492      2.773      2.222      3.165      3.800      4.624      3.789      0.949      2.834      3.216      1.275      1.354      1.029      0.000      2.897      2.897      3.482
     3.439      2.621      2.897      0.765      3.603      0.774      1.520      4.253      3.087      3.230      2.059      1.316      1.720      3.978      3.065      4.369      4.983      2.341      2.265      3.995      2.282      4.213      2.151      2.099      3.734      2.810      4.274      1.668      3.596      2.376      1.470      2.199      1.635      2.459      3.350      2.294      2.495      2.897      0.000      0.000      2.937
     3.439      2.621      2.897      0.765      3.603      0.774      1.520      4.253      3.087      3.230      2.059      1.316      1.720      3.978      3.065      4.369      4.983      2.341      2.265      3.995      2.282      4.213      2.151      2.099      3.734      2.810      4.274      1.668      3.596      2.376      1.470      2.199      1.635      2.459      3.350      2.294      2.495      2.897      0.000      0.000      2.937
     1.756      4.701      0.635      3.154      2.730      2.317      1.432      3.058      0.601      2.674      3.625      1.684      4.005      1.152      1.116      1.747      2.201      0.881      2.013      1.342      2.231      3.499      2.546      1.933      1.964      0.768      3.001      1.325      0.675      2.261      2.121      3.605      1.305      0.478      2.742      4.042      3.970      3.482      2.937      2.937      0.000
