     0.000    167.000     71.000    289.000    152.000    157.000    165.000    188.000    289.000     94.000    134.000    250.000    228.000    266.000    181.000    283.000    283.000    239.000    129.000    342.000    185.000    209.000     58.000     73.000     62.000    241.000    237.000    269.000     65.000    153.000    106.000    321.000    146.000     95.000    219.000     58.000    227.000    284.000    152.000     65.000    140.000    226.000    267.000     91.000    182.000    153.000    284.000    150.000    710.000    288.000    111.000    226.000    246.000    173.000    263.000    182.000    277.000     65.000    280.000    270.000    136.000     19.000    213.000    132.000    291.000    281.000    278.000    143.000    227.000     58.000    194.000    100.000    243.000    190.000    169.000     52.000    249.000    208.000    161.000    167.000    298.000    191.000    263.000    285.000    253.000    160.000    107.000    151.000    264.000    338.000    144.000    235.000    139.000     82.000    143.000    150.000    284.000     99.000    152.000    152.000    119.000
   167.000      0.000    104.000    234.000    299.000    324.000    322.000    179.000    319.000    110.000    279.000    417.000     70.000    416.000    170.000    192.000    119.000    400.000    275.000    501.000    299.000    375.000    166.000    202.000    115.000    296.000    225.000    394.000    138.000    150.000    151.000    469.000    273.000    101.000    139.000    201.000    394.000    118.000    192.000    230.000     30.000    371.000    211.000     76.000    102.000    230.000    445.000    182.000    869.000    121.000    235.000    365.000     98.000     25.000    411.000    340.000    257.000    196.000    320.000    197.000    304.000    170.000     84.000    224.000    427.000    442.000    205.000     32.000    395.000    189.000    122.000    130.000    403.000    354.000    315.000    120.000    368.000    371.000     43.000    335.000    134.000    348.000    264.000    122.000    117.000    216.000    254.000    236.000    164.000    332.000    102.000     86.000    273.000    172.000     63.000    186.000    122.000    205.000    291.000    291.000     89.000
    71.000    104.000      0.000    231.000    221.000    226.000    217.000    138.000    263.000     86.000    174.000    314.000    172.000    312.000    130.000    216.000    224.000    310.000    171.000    396.000    243.000    280.000     62.000     98.000     57.000    225.000    190.000    333.000     37.000    155.000    122.000    366.000    172.000     81.000    152.000    122.000    292.000    216.000    121.000    137.000     83.000    295.000    208.000     43.000    113.000    144.000    341.000    168.000    781.000    223.000    170.000    263.000    175.000    117.000    307.000    235.000    230.000     91.000    258.000    207.000    203.000     68.000    169.000    131.000    326.000    338.000    215.000     76.000    296.000    115.000    127.000     51.000    315.000    262.000    211.000     19.000    311.000    279.000    113.000    237.000    239.000    243.000    223.000    227.000    182.000    191.000    175.000    195.000    195.000    298.000     77.000    184.000    204.000    119.000     71.000    171.000    215.000    106.000    218.000    218.000     95.000
   289.000    234.000    231.000      0.000    439.000    411.000    350.000    104.000    150.000    308.000    299.000    464.000    280.000    401.000    108.000     63.000    292.000    506.000    298.000    497.000    472.000    464.000    237.000    252.000    286.000    172.000     71.000    558.000    223.000    370.000    350.000    438.000    267.000    300.000     94.000    346.000    448.000    235.000    154.000    344.000    248.000    511.000     23.000    254.000    134.000    191.000    459.000    393.000    962.000    258.000    399.000    340.000    177.000    258.000    392.000    365.000     56.000    253.000    165.000     41.000    379.000    274.000    314.000    209.000    378.000    456.000     35.000    215.000    467.000    343.000    113.000    188.000    513.000    454.000    322.000    246.000    538.000    472.000    276.000    420.000    299.000    366.000     88.000    299.000    152.000    420.000    395.000    426.000     86.000    116.000    156.000    302.000    429.000    351.000    184.000    396.000    217.000    227.000    440.000    440.000    302.000
   152.000    299.000    221.000    439.000      0.000     95.000    184.000    336.000    414.000    192.000    196.000    189.000    344.000    271.000    331.000    436.000    400.000    110.000    194.000    307.000     71.000    112.000    202.000    195.000    184.000    361.000    383.000    122.000    217.000    202.000    163.000    321.000    231.000    200.000    372.000    100.000    168.000    417.000    293.000     96.000    269.000     73.000    418.000    225.000    334.000    278.000    249.000    170.000    571.000    416.000     69.000    264.000    390.000    296.000    274.000    190.000    422.000    191.000    401.000    423.000    113.000    165.000    314.000    254.000    320.000    248.000    430.000    283.000    144.000    110.000    347.000    252.000    110.000     85.000    213.000    203.000    108.000     95.000    277.000     99.000    415.000    200.000    403.000    400.000    401.000    146.000     46.000    111.000    416.000    475.000    297.000    343.000     34.000    130.000    291.000    166.000    421.000    224.000     18.000     18.000    220.000
   157.000    324.000    226.000    411.000     95.000      0.000     97.000    307.000    356.000    233.000    126.000    104.000    381.000    176.000    304.000    421.000    437.000     96.000    125.000    217.000    166.000     54.000    183.000    159.000    211.000    300.000    346.000    197.000    207.000    266.000    219.000    226.000    164.000    239.000    361.000    133.000     80.000    441.000    256.000     94.000    296.000    129.000    392.000    247.000    329.000    228.000    157.000    242.000    558.000    445.000    140.000    175.000    401.000    328.000    179.000     99.000    382.000    159.000    340.000    403.000     32.000    158.000    360.000    206.000    226.000    156.000    409.000    300.000     71.000    149.000    337.000    239.000    104.000     44.000    130.000    208.000    192.000     61.000    313.000     10.000    453.000    108.000    358.000    439.000    406.000    227.000    100.000    195.000    407.000    424.000    290.000    386.000    122.000    182.000    297.000    239.000    441.000    184.000    112.000    112.000    262.000
   165.000    322.000    217.000    350.000    184.000     97.000      0.000    252.000    270.000    259.000     51.000    113.000    388.000    102.000    251.000    373.000    441.000    183.000     53.000    179.000    253.000    133.000    158.000    123.000    227.000    215.000    280.000    294.000    186.000    310.000    260.000    157.000     84.000    261.000    319.000    176.000     99.000    431.000    198.000    130.000    299.000    226.000    334.000    251.000    297.000    159.000    124.000    295.000    612.000    439.000    208.000     80.000    381.000    333.000    100.000     18.000    312.000    128.000    253.000    351.000     71.000    155.000    378.000    141.000    139.000    121.000    356.000    293.000    124.000    190.000    299.000    207.000    193.000    137.000     35.000    202.000    288.000    150.000    324.000     99.000    456.000     26.000    283.000    444.000    379.000    290.000    170.000    265.000    364.000    343.000    260.000    398.000    203.000    226.000    279.000    294.000    426.000    133.000    198.000    198.000    284.000
   188.000    179.000    138.000    104.000    336.000    307.000    252.000      0.000    140.000    223.000    200.000    365.000    243.000    316.000      9.000    121.000    274.000    402.000    199.000    411.000    373.000    360.000    134.000    148.000    195.000    124.000     52.000    456.000    123.000    290.000    261.000    359.000    171.000    216.000     79.000    246.000    348.000    233.000     53.000    240.000    181.000    407.000     84.000    171.000     85.000     97.000    367.000    306.000    861.000    251.000    299.000    255.000    170.000    203.000    307.000    268.000     91.000    149.000    142.000     98.000    276.000    172.000    263.000    111.000    303.000    364.000    104.000    151.000    366.000    244.000     72.000     89.000    409.000    350.000    227.000    150.000    437.000    368.000    214.000    316.000    285.000    271.000     87.000    280.000    156.000    330.000    293.000    332.000    118.000    161.000     78.000    263.000    327.000    256.000    116.000    309.000    220.000    123.000    338.000    338.000    224.000
   289.000    319.000    263.000    150.000    414.000    356.000    270.000    140.000      0.000    349.000    230.000    376.000    382.000    288.000    149.000    208.000    410.000    450.000    231.000    380.000    467.000    401.000    231.000    223.000    317.000     55.000    102.000    537.000    235.000    418.000    382.000    312.000    191.000    344.000    203.000    343.000    367.000    363.000    142.000    321.000    319.000    477.000    154.000    302.000    223.000    138.000    354.000    429.000    873.000    383.000    397.000    230.000    300.000    343.000    277.000    281.000     94.000    229.000     19.000    182.000    323.000    269.000    403.000    161.000    251.000    351.000    180.000    290.000    395.000    347.000    206.000    211.000    459.000    400.000    236.000    268.000    523.000    416.000    353.000    362.000    421.000    278.000     65.000    417.000    280.000    447.000    378.000    440.000    223.000     77.000    217.000    403.000    416.000    369.000    256.000    431.000    348.000    193.000    422.000    422.000    356.000
    94.000    110.000     86.000    308.000    192.000    233.000    259.000    223.000    349.000      0.000    228.000    334.000    152.000    360.000    214.000    283.000    208.000    298.000    223.000    433.000    189.000    280.000    131.000    161.000     35.000    310.000    275.000    283.000    117.000     68.000     42.000    416.000    237.000      9.000    220.000    100.000    310.000    226.000    207.000    141.000     81.000    262.000    285.000     54.000    178.000    226.000    374.000     84.000    763.000    224.000    125.000    320.000    207.000    104.000    357.000    275.000    314.000    152.000    344.000    279.000    221.000    108.000    126.000    210.000    385.000    372.000    287.000    104.000    304.000     86.000    197.000    138.000    300.000    257.000    263.000     82.000    258.000    273.000     84.000    244.000    224.000    284.000    309.000    208.000    224.000    113.000    150.000    126.000    257.000    384.000    152.000    153.000    164.000     62.000    127.000     87.000    232.000    180.000    182.000    182.000     28.000
   134.000    279.000    174.000    299.000    196.000    126.000     51.000    200.000    230.000    228.000      0.000    164.000    347.000    137.000    200.000    321.000    398.000    220.000      4.000    224.000    260.000    172.000    113.000     77.000    194.000    174.000    230.000    315.000    140.000    286.000    237.000    191.000     38.000    228.000    268.000    160.000    148.000    384.000    147.000    119.000    258.000    251.000    283.000    212.000    247.000    109.000    172.000    277.000    662.000    394.000    203.000     92.000    332.000    292.000    132.000     68.000    264.000     83.000    213.000    299.000     94.000    119.000    341.000     90.000    157.000    169.000    305.000    249.000    170.000    172.000    249.000    159.000    229.000    170.000     36.000    162.000    305.000    185.000    286.000    132.000    413.000     72.000    236.000    401.000    330.000    278.000    171.000    258.000    313.000    300.000    210.000    358.000    208.000    207.000    232.000    276.000    378.000     82.000    208.000    208.000    251.000
   250.000    417.000    314.000    464.000    189.000    104.000    113.000    365.000    376.000    334.000    164.000      0.000    478.000    117.000    365.000    486.000    534.000    120.000    166.000    118.000    258.000     82.000    261.000    229.000    309.000    322.000    394.000    259.000    288.000    371.000    323.000    150.000    197.000    339.000    431.000    236.000     24.000    531.000    312.000    193.000    391.000    192.000    448.000    342.000    406.000    272.000     65.000    346.000    499.000    537.000    244.000    152.000    486.000    424.000    125.000     99.000    425.000    232.000    358.000    464.000    114.000    247.000    461.000    255.000    176.000     64.000    469.000    390.000     50.000    252.000    410.000    314.000    130.000    107.000    143.000    297.000    265.000    104.000    411.000     95.000    549.000     99.000    396.000    535.000    487.000    330.000    203.000    297.000    476.000    452.000    367.000    484.000    222.000    286.000    382.000    344.000    529.000    244.000    208.000    208.000    363.000
   228.000     70.000    172.000    280.000    344.000    381.000    388.000    243.000    382.000    152.000    347.000    478.000      0.000    485.000    234.000    229.000     56.000    450.000    343.000    567.000    331.000    430.000    234.000    270.000    169.000    363.000    284.000    425.000    207.000    162.000    183.000    538.000    343.000    145.000    189.000    251.000    455.000     90.000    261.000    287.000     89.000    412.000    260.000    137.000    159.000    300.000    511.000    199.000    915.000     78.000    276.000    435.000    111.000     55.000    480.000    406.000    312.000    264.000    385.000    240.000    364.000    234.000     45.000    294.000    497.000    508.000    248.000    102.000    453.000    238.000    178.000    201.000    452.000    408.000    384.000    186.000    398.000    424.000     68.000    392.000     71.000    414.000    324.000     57.000    138.000    235.000    302.000    262.000    199.000    387.000    169.000     22.000    314.000    213.000    131.000    204.000    104.000    275.000    333.000    333.000    123.000
   266.000    416.000    312.000    401.000    271.000    176.000    102.000    316.000    288.000    360.000    137.000    117.000    485.000      0.000    318.000    436.000    536.000    232.000    141.000     96.000    342.000    185.000    250.000    214.000    328.000    239.000    330.000    365.000    278.000    413.000    363.000     55.000    149.000    362.000    391.000    278.000    123.000    519.000    265.000    231.000    396.000    295.000    390.000    349.000    377.000    218.000     69.000    397.000    589.000    530.000    306.000     61.000    465.000    430.000     10.000     87.000    354.000    221.000    268.000    411.000    162.000    255.000    478.000    209.000     59.000     66.000    415.000    386.000    160.000    292.000    375.000    293.000    243.000    203.000    100.000    299.000    365.000    208.000    423.000    173.000    550.000     77.000    321.000    539.000    459.000    390.000    267.000    363.000    434.000    365.000    342.000    496.000    296.000    329.000    367.000    396.000    512.000    215.000    288.000    288.000    385.000
   181.000    170.000    130.000    108.000    331.000    304.000    251.000      9.000    149.000    214.000    200.000    365.000    234.000    318.000      0.000    121.000    266.000    399.000    198.000    413.000    366.000    358.000    128.000    144.000    187.000    131.000     60.000    450.000    116.000    281.000    253.000    362.000    172.000    207.000     74.000    239.000    347.000    226.000     53.000    235.000    172.000    402.000     88.000    162.000     77.000     99.000    368.000    298.000    859.000    243.000    292.000    257.000    163.000    194.000    309.000    268.000    100.000    145.000    151.000     99.000    273.000    166.000    254.000    111.000    307.000    365.000    105.000    142.000    364.000    237.000     65.000     82.000    406.000    347.000    227.000    142.000    430.000    364.000    205.000    314.000    277.000    271.000     96.000    272.000    150.000    322.000    287.000    324.000    115.000    170.000     69.000    254.000    321.000    248.000    107.000    301.000    213.000    121.000    332.000    332.000    215.000
   283.000    192.000    216.000     63.000    436.000    421.000    373.000    121.000    208.000    283.000    321.000    486.000    229.000    436.000    121.000      0.000    234.000    514.000    319.000    532.000    460.000    475.000    239.000    262.000    267.000    222.000    114.000    550.000    219.000    338.000    325.000    477.000    293.000    274.000     64.000    338.000    468.000    174.000    174.000    344.000    212.000    509.000     54.000    229.000    105.000    218.000    489.000    365.000    978.000    197.000    387.000    375.000    119.000    216.000    427.000    389.000    115.000    261.000    221.000     27.000    391.000    271.000    266.000    232.000    420.000    486.000     28.000    181.000    483.000    332.000     89.000    184.000    520.000    462.000    348.000    234.000    528.000    480.000    235.000    431.000    240.000    392.000    144.000    241.000     93.000    396.000    390.000    407.000     29.000    179.000    139.000    251.000    420.000    333.000    155.000    369.000    156.000    241.000    434.000    434.000    271.000
   283.000    119.000    224.000    292.000    400.000    437.000    441.000    274.000    410.000    208.000    398.000    534.000     56.000    536.000    266.000    234.000      0.000    507.000    394.000    620.000    385.000    487.000    285.000    321.000    225.000    397.000    309.000    479.000    257.000    214.000    239.000    588.000    391.000    201.000    208.000    308.000    510.000     64.000    300.000    343.000    143.000    468.000    274.000    192.000    188.000    342.000    564.000    251.000    971.000     42.000    332.000    484.000    115.000    109.000    530.000    459.000    332.000    315.000    416.000    251.000    420.000    288.000     92.000    339.000    544.000    561.000    257.000    149.000    509.000    294.000    204.000    246.000    508.000    464.000    435.000    239.000    451.000    481.000    124.000    448.000     15.000    467.000    349.000      7.000    140.000    288.000    359.000    316.000    206.000    405.000    207.000     60.000    370.000    270.000    173.000    256.000     83.000    323.000    389.000    389.000    180.000
   239.000    400.000    310.000    506.000    110.000     96.000    183.000    402.000    450.000    298.000    220.000    120.000    450.000    232.000    399.000    514.000    507.000      0.000    219.000    234.000    162.000     50.000    274.000    254.000    284.000    394.000    442.000    140.000    296.000    313.000    272.000    270.000    258.000    305.000    452.000    199.000    108.000    518.000    352.000    173.000    370.000     76.000    487.000    324.000    419.000    324.000    185.000    280.000    470.000    520.000    179.000    251.000    485.000    399.000    239.000    178.000    479.000    253.000    434.000    497.000    128.000    245.000    422.000    302.000    290.000    185.000    504.000    380.000     72.000    212.000    428.000    330.000     10.000     52.000    218.000    291.000    150.000     35.000    382.000     88.000    522.000    185.000    454.000    507.000    493.000    254.000    147.000    219.000    498.000    520.000    380.000    450.000    144.000    238.000    382.000    276.000    521.000    280.000    126.000    126.000    326.000
   129.000    275.000    171.000    298.000    194.000    125.000     53.000    199.000    231.000    223.000      4.000    166.000    343.000    141.000    198.000    319.000    394.000    219.000      0.000    227.000    257.000    172.000    109.000     73.000    190.000    175.000    229.000    312.000    136.000    282.000    233.000    195.000     39.000    224.000    266.000    156.000    149.000    380.000    145.000    115.000    254.000    249.000    282.000    208.000    244.000    108.000    175.000    273.000    663.000    390.000    199.000     96.000    329.000    288.000    136.000     71.000    263.000     79.000    215.000    297.000     92.000    115.000    337.000     88.000    161.000    172.000    303.000    245.000    170.000    168.000    246.000    155.000    228.000    169.000     40.000    158.000    302.000    185.000    281.000    131.000    409.000     75.000    236.000    398.000    327.000    274.000    167.000    254.000    311.000    300.000    207.000    354.000    205.000    202.000    228.000    272.000    375.000     80.000    205.000    205.000    247.000
   342.000    501.000    396.000    497.000    307.000    217.000    179.000    411.000    380.000    433.000    224.000    118.000    567.000     96.000    413.000    532.000    620.000    234.000    227.000      0.000    377.000    200.000    336.000    300.000    404.000    333.000    426.000    375.000    364.000    478.000    429.000     73.000    242.000    436.000    486.000    341.000    139.000    608.000    360.000    295.000    478.000    308.000    487.000    430.000    469.000    314.000     59.000    457.000    508.000    618.000    357.000    157.000    556.000    512.000    105.000    161.000    450.000    306.000    360.000    507.000    216.000    334.000    556.000    303.000    132.000     62.000    511.000    472.000    168.000    356.000    469.000    383.000    243.000    225.000    189.000    381.000    382.000    222.000    503.000    209.000    635.000    153.000    417.000    623.000    552.000    444.000    316.000    412.000    529.000    457.000    434.000    577.000    338.000    393.000    456.000    454.000    603.000    306.000    325.000    325.000    460.000
   185.000    299.000    243.000    472.000     71.000    166.000    253.000    373.000    467.000    189.000    260.000    258.000    331.000    342.000    366.000    460.000    385.000    162.000    257.000    377.000      0.000    177.000    241.000    243.000    194.000    415.000    422.000     94.000    250.000    173.000    149.000    393.000    292.000    198.000    395.000    127.000    237.000    413.000    336.000    146.000    270.000     94.000    450.000    234.000    355.000    328.000    320.000    136.000    591.000    408.000     73.000    333.000    396.000    290.000    345.000    261.000    462.000    238.000    455.000    451.000    183.000    202.000    294.000    305.000    390.000    318.000    458.000    291.000    210.000    129.000    371.000    284.000    157.000    151.000    280.000    227.000     69.000    157.000    269.000    170.000    400.000    271.000    447.000    384.000    411.000    103.000     90.000     70.000    437.000    522.000    321.000    325.000     52.000    129.000    307.000    131.000    420.000    273.000     54.000     54.000    212.000
   209.000    375.000    280.000    464.000    112.000     54.000    133.000    360.000    401.000    280.000    172.000     82.000    430.000    185.000    358.000    475.000    487.000     50.000    172.000    200.000    177.000      0.000    237.000    213.000    261.000    345.000    398.000    180.000    261.000    306.000    261.000    228.000    210.000    286.000    415.000    179.000     64.000    493.000    309.000    144.000    347.000    111.000    445.000    298.000    384.000    278.000    146.000    278.000    503.000    496.000    174.000    201.000    455.000    378.000    191.000    127.000    433.000    213.000    384.000    457.000     84.000    212.000    407.000    257.000    242.000    145.000    463.000    353.000     32.000    194.000    392.000    293.000     60.000     26.000    168.000    261.000    183.000     22.000    362.000     44.000    502.000    135.000    407.000    488.000    461.000    257.000    135.000    222.000    461.000    472.000    345.000    433.000    146.000    225.000    351.000    274.000    494.000    237.000    129.000    129.000    309.000
    58.000    166.000     62.000    237.000    202.000    183.000    158.000    134.000    231.000    131.000    113.000    261.000    234.000    250.000    128.000    239.000    285.000    274.000    109.000    336.000    241.000    237.000      0.000     36.000     96.000    185.000    181.000    322.000     27.000    198.000    155.000    303.000    110.000    129.000    178.000    115.000    239.000    273.000     94.000    107.000    145.000    274.000    216.000    102.000    147.000     97.000    282.000    201.000    741.000    281.000    168.000    200.000    225.000    180.000    245.000    176.000    221.000     30.000    222.000    223.000    155.000     39.000    231.000     79.000    264.000    279.000    230.000    135.000    249.000    116.000    154.000     55.000    280.000    223.000    149.000     52.000    303.000    241.000    175.000    193.000    300.000    182.000    206.000    288.000    226.000    216.000    159.000    209.000    224.000    281.000    108.000    246.000    194.000    137.000    121.000    203.000    269.000     48.000    204.000    204.000    148.000
    73.000    202.000     98.000    252.000    195.000    159.000    123.000    148.000    223.000    161.000     77.000    229.000    270.000    214.000    144.000    262.000    321.000    254.000     73.000    300.000    243.000    213.000     36.000      0.000    125.000    172.000    190.000    317.000     63.000    225.000    179.000    267.000     76.000    159.000    203.000    121.000    209.000    308.000     99.000     99.000    181.000    263.000    232.000    137.000    176.000     85.000    247.000    223.000    716.000    317.000    174.000    165.000    258.000    216.000    209.000    141.000    228.000      8.000    212.000    243.000    129.000     54.000    266.000     62.000    228.000    244.000    250.000    171.000    221.000    127.000    181.000     85.000    261.000    202.000    113.000     86.000    301.000    219.000    210.000    169.000    336.000    147.000    208.000    324.000    258.000    233.000    155.000    221.000    249.000    280.000    138.000    282.000    193.000    155.000    156.000    224.000    303.000     30.000    200.000    200.000    180.000
    62.000    115.000     57.000    286.000    184.000    211.000    227.000    195.000    317.000     35.000    194.000    309.000    169.000    328.000    187.000    267.000    225.000    284.000    190.000    404.000    194.000    261.000     96.000    125.000      0.000    276.000    248.000    287.000     83.000    102.000     65.000    383.000    202.000     34.000    203.000     85.000    286.000    234.000    175.000    117.000     86.000    257.000    263.000     41.000    162.000    191.000    346.000    112.000    754.000    235.000    124.000    286.000    206.000    116.000    325.000    244.000    287.000    117.000    311.000    260.000    195.000     74.000    152.000    175.000    351.000    343.000    268.000     99.000    283.000     73.000    179.000    107.000    287.000    239.000    230.000     49.000    262.000    256.000    101.000    222.000    241.000    253.000    280.000    227.000    218.000    134.000    139.000    140.000    243.000    355.000    131.000    174.000    160.000     66.000    113.000    114.000    237.000    144.000    177.000    177.000     56.000
   241.000    296.000    225.000    172.000    361.000    300.000    215.000    124.000     55.000    310.000    174.000    322.000    363.000    239.000    131.000    222.000    397.000    394.000    175.000    333.000    415.000    345.000    185.000    172.000    276.000      0.000    107.000    483.000    193.000    379.000    340.000    269.000    135.000    306.000    200.000    294.000    312.000    357.000    105.000    269.000    291.000    422.000    168.000    266.000    209.000     88.000    303.000    386.000    820.000    375.000    346.000    179.000    294.000    318.000    228.000    225.000    119.000    179.000     40.000    194.000    268.000    222.000    378.000    110.000    208.000    300.000    195.000    265.000    339.000    298.000    196.000    176.000    403.000    345.000    180.000    227.000    469.000    360.000    325.000    306.000    409.000    223.000     85.000    403.000    278.000    401.000    326.000    393.000    230.000    129.000    194.000    382.000    364.000    323.000    232.000    388.000    344.000    143.000    368.000    368.000    320.000
   237.000    225.000    190.000     71.000    383.000    346.000    280.000     52.000    102.000    275.000    230.000    394.000    284.000    330.000     60.000    114.000    309.000    442.000    229.000    426.000    422.000    398.000    181.000    190.000    248.000    107.000      0.000    504.000    173.000    342.000    313.000    368.000    197.000    268.000    101.000    295.000    379.000    261.000     90.000    286.000    230.000    452.000     62.000    223.000    124.000    121.000    388.000    359.000    893.000    281.000    349.000    268.000    198.000    250.000    321.000    295.000     40.000    192.000    111.000     87.000    314.000    220.000    309.000    141.000    308.000    385.000     88.000    199.000    400.000    294.000    106.000    141.000    450.000    390.000    251.000    202.000    485.000    407.000    262.000    354.000    319.000    296.000     40.000    315.000    178.000    382.000    340.000    383.000    124.000    109.000    127.000    305.000    376.000    308.000    164.000    361.000    246.000    162.000    386.000    386.000    276.000
   269.000    394.000    333.000    558.000    122.000    197.000    294.000    456.000    537.000    283.000    315.000    259.000    425.000    365.000    450.000    550.000    479.000    140.000    312.000    375.000     94.000    180.000    322.000    317.000    287.000    483.000    504.000      0.000    334.000    265.000    244.000    408.000    351.000    292.000    485.000    212.000    244.000    508.000    414.000    218.000    364.000     69.000    536.000    328.000    446.000    400.000    325.000    228.000    505.000    502.000    163.000    371.000    490.000    385.000    370.000    295.000    543.000    313.000    523.000    539.000    224.000    284.000    387.000    377.000    419.000    324.000    547.000    385.000    209.000    217.000    460.000    370.000    131.000    162.000    326.000    315.000     28.000    157.000    363.000    196.000    493.000    304.000    525.000    477.000    505.000    192.000    163.000    162.000    528.000    598.000    411.000    419.000    129.000    222.000    399.000    223.000    515.000    347.000    118.000    118.000    307.000
    65.000    138.000     37.000    223.000    217.000    207.000    186.000    123.000    235.000    117.000    140.000    288.000    207.000    278.000    116.000    219.000    257.000    296.000    136.000    364.000    250.000    261.000     27.000     63.000     83.000    193.000    173.000    334.000      0.000    185.000    147.000    330.000    135.000    112.000    156.000    123.000    266.000    245.000     93.000    125.000    119.000    290.000    201.000     79.000    122.000    109.000    310.000    193.000    765.000    253.000    176.000    227.000    197.000    153.000    272.000    204.000    214.000     57.000    228.000    205.000    180.000     52.000    206.000     95.000    289.000    307.000    213.000    108.000    274.000    121.000    132.000     35.000    302.000    246.000    177.000     34.000    314.000    263.000    150.000    217.000    272.000    210.000    202.000    261.000    200.000    212.000    172.000    210.000    202.000    278.000     83.000    220.000    205.000    135.000     94.000    195.000    241.000     69.000    217.000    217.000    130.000
   153.000    150.000    155.000    370.000    202.000    266.000    310.000    290.000    418.000     68.000    286.000    371.000    162.000    413.000    281.000    338.000    214.000    313.000    282.000    478.000    173.000    306.000    198.000    225.000    102.000    379.000    342.000    265.000    185.000      0.000     49.000    468.000    300.000     74.000    278.000    136.000    347.000    249.000    276.000    182.000    126.000    261.000    346.000    119.000    237.000    294.000    418.000     37.000    764.000    241.000    133.000    378.000    247.000    132.000    411.000    325.000    380.000    216.000    413.000    338.000    261.000    170.000    122.000    277.000    442.000    415.000    346.000    156.000    334.000    121.000    256.000    206.000    312.000    280.000    320.000    151.000    238.000    293.000    109.000    276.000    228.000    335.000    377.000    212.000    267.000     73.000    170.000    103.000    311.000    451.000    216.000    153.000    168.000     85.000    186.000     42.000    260.000    246.000    187.000    187.000     67.000
   106.000    151.000    122.000    350.000    163.000    219.000    260.000    261.000    382.000     42.000    237.000    323.000    183.000    363.000    253.000    325.000    239.000    272.000    233.000    429.000    149.000    261.000    155.000    179.000     65.000    340.000    313.000    244.000    147.000     49.000      0.000    418.000    253.000     52.000    263.000     87.000    299.000    263.000    240.000    133.000    122.000    229.000    326.000     96.000    220.000    253.000    369.000     46.000    732.000    259.000     94.000    329.000    249.000    141.000    361.000    276.000    353.000    171.000    376.000    321.000    212.000    124.000    150.000    235.000    393.000    367.000    329.000    147.000    288.000     72.000    239.000    173.000    273.000    236.000    271.000    114.000    218.000    250.000    119.000    229.000    253.000    286.000    346.000    238.000    266.000     70.000    126.000     84.000    300.000    421.000    193.000    180.000    131.000     36.000    170.000     48.000    270.000    202.000    151.000    151.000     62.000
   321.000    469.000    366.000    438.000    321.000    226.000    157.000    359.000    312.000    416.000    191.000    150.000    538.000     55.000    362.000    477.000    588.000    270.000    195.000     73.000    393.000    228.000    303.000    267.000    383.000    269.000    368.000    408.000    330.000    468.000    418.000      0.000    198.000    417.000    436.000    333.000    163.000    569.000    309.000    287.000    449.000    339.000    429.000    404.000    425.000    263.000     87.000    452.000    582.000    581.000    360.000    106.000    513.000    483.000     58.000    143.000    387.000    274.000    292.000    451.000    215.000    310.000    532.000    256.000     61.000     86.000    454.000    438.000    198.000    347.000    421.000    344.000    281.000    248.000    154.000    353.000    411.000    251.000    477.000    222.000    603.000    132.000    354.000    592.000    507.000    445.000    320.000    417.000    477.000    388.000    392.000    550.000    348.000    384.000    418.000    451.000    562.000    266.000    338.000    338.000    440.000
   146.000    273.000    172.000    267.000    231.000    164.000     84.000    171.000    191.000    237.000     38.000    197.000    343.000    149.000    172.000    293.000    391.000    258.000     39.000    242.000    292.000    210.000    110.000     76.000    202.000    135.000    197.000    351.000    135.000    300.000    253.000    198.000      0.000    236.000    244.000    184.000    183.000    371.000    118.000    147.000    255.000    288.000    252.000    213.000    228.000     76.000    196.000    295.000    696.000    383.000    230.000     92.000    315.000    289.000    141.000     98.000    228.000     84.000    175.000    270.000    132.000    129.000    342.000     61.000    153.000    192.000    275.000    241.000    206.000    193.000    226.000    145.000    268.000    209.000     55.000    163.000    340.000    224.000    285.000    170.000    405.000     99.000    200.000    395.000    310.000    301.000    202.000    284.000    288.000    262.000    193.000    356.000    240.000    226.000    220.000    295.000    364.000     67.000    241.000    241.000    257.000
    95.000    101.000     81.000    300.000    200.000    239.000    261.000    216.000    344.000      9.000    228.000    339.000    145.000    362.000    207.000    274.000    201.000    305.000    224.000    436.000    198.000    286.000    129.000    159.000     34.000    306.000    268.000    292.000    112.000     74.000     52.000    417.000    236.000      0.000    211.000    107.000    315.000    218.000    202.000    145.000     72.000    270.000    277.000     46.000    169.000    222.000    378.000     92.000    771.000    216.000    134.000    321.000    198.000     95.000    359.000    278.000    307.000    151.000    339.000    270.000    225.000    108.000    121.000    207.000    385.000    375.000    279.000     95.000    310.000     93.000    188.000    132.000    307.000    263.000    264.000     79.000    267.000    279.000     77.000    249.000    216.000    287.000    303.000    202.000    214.000    122.000    157.000    136.000    248.000    377.000    144.000    147.000    172.000     71.000    118.000     96.000    223.000    177.000    190.000    190.000     23.000
   219.000    139.000    152.000     94.000    372.000    361.000    319.000     79.000    203.000    220.000    268.000    431.000    189.000    391.000     74.000     64.000    208.000    452.000    266.000    486.000    395.000    415.000    178.000    203.000    203.000    200.000    101.000    485.000    156.000    278.000    263.000    436.000    244.000    211.000      0.000    274.000    412.000    159.000    126.000    281.000    154.000    445.000     72.000    166.000     42.000    173.000    439.000    304.000    919.000    179.000    323.000    331.000     96.000    164.000    383.000    337.000    124.000    202.000    211.000     59.000    332.000    208.000    220.000    183.000    382.000    436.000     67.000    122.000    425.000    268.000     24.000    122.000    458.000    401.000    298.000    170.000    463.000    419.000    181.000    371.000    217.000    340.000    140.000    215.000     78.000    333.000    326.000    343.000     46.000    198.000     74.000    210.000    356.000    269.000     93.000    307.000    145.000    186.000    370.000    370.000    211.000
    58.000    201.000    122.000    346.000    100.000    133.000    176.000    246.000    343.000    100.000    160.000    236.000    251.000    278.000    239.000    338.000    308.000    199.000    156.000    341.000    127.000    179.000    115.000    121.000     85.000    294.000    295.000    212.000    123.000    136.000     87.000    333.000    184.000    107.000    274.000      0.000    212.000    320.000    209.000     46.000    171.000    174.000    324.000    126.000    235.000    206.000    281.000    119.000    668.000    320.000     53.000    249.000    289.000    200.000    277.000    190.000    335.000    115.000    333.000    327.000    125.000     75.000    227.000    184.000    313.000    279.000    334.000    183.000    204.000     15.000    249.000    158.000    202.000    156.000    191.000    104.000    191.000    172.000    183.000    144.000    324.000    200.000    321.000    309.000    300.000    117.000     54.000    100.000    317.000    396.000    199.000    254.000     82.000     51.000    191.000    117.000    322.000    151.000     96.000     96.000    129.000
