0 347 154 300 113 85 74 319 323 247 167 304 417 283 345 211 318 298 152 191 272 404 319 330 172 403 444 64 103 457 240 34 367 367 238 324 309 512 483 393 448
347 0 197 52 261 369 352 445 37 169 321 220 393 195 146 142 37 49 230 171 80 460 328 96 226 274 497 390 451 353 215 372 132 49 145 28 175 336 218 411 266
154 197 0 148 107 173 156 313 178 109 153 183 342 203 198 57 172 148 55 39 130 366 246 203 70 284 408 193 255 353 126 176 217 212 128 171 173 387 335 335 316
300 52 148 0 222 318 301 396 53 120 268 179 357 192 121 91 47 15 178 119 54 417 284 114 173 248 455 341 403 328 166 324 118 68 125 24 137 324 225 370 251
113 261 107 222 0 182 165 385 230 216 219 291 442 169 301 150 226 216 146 145 181 453 344 225 167 391 495 176 211 459 231 147 316 291 131 242 279 494 434 429 423
85 369 173 318 182 0 17 238 352 234 105 270 353 346 331 227 346 320 143 199 303 327 259 373 155 362 366 43 116 406 212 60 358 378 288 342 288 471 467 323 414
74 352 156 301 165 17 0 244 335 221 101 261 352 329 318 210 329 303 128 182 286 331 256 356 142 354 371 48 123 401 200 57 344 362 270 326 277 464 455 324 405
319 445 313 396 385 238 244 0 448 276 166 238 173 516 329 333 441 407 257 305 415 100 137 497 245 267 132 276 336 261 229 299 359 425 439 417 283 353 423 125 329
323 37 178 53 230 352 335 448 0 172 314 233 410 158 169 127 6 40 218 158 50 471 338 64 217 298 509 370 427 378 218 350 160 85 110 42 191 367 254 424 295
247 169 109 120 216 234 221 276 172 0 160 79 253 271 98 80 165 131 95 71 145 301 169 225 79 176 341 267 339 248 46 260 123 157 191 141 64 277 236 258 207
167 321 153 268 219 105 101 166 314 160 0 174 251 355 248 187 307 275 100 157 272 239 155 351 96 260 280 147 221 301 124 158 277 316 282 292 201 368 377 225 315
304 220 183 179 291 270 261 238 233 79 174 0 178 349 91 159 227 194 154 149 217 240 109 293 132 101 277 309 384 169 63 309 120 191 269 195 45 208 204 191 144
417 393 342 357 442 353 352 173 410 253 251 178 0 525 250 332 404 372 296 315 396 100 99 471 275 135 119 396 467 94 218 409 272 357 445 370 219 189 292 49 187
283 195 203 192 169 346 329 516 158 271 355 349 525 0 311 193 160 177 258 215 139 564 437 107 271 434 605 345 378 512 309 317 310 243 80 195 316 516 412 527 443
345 146 198 121 301 331 318 329 169 98 248 91 250 311 0 151 164 136 194 159 172 325 198 233 177 129 359 365 437 208 124 358 30 107 238 127 48 205 138 273 131
211 142 57 91 150 227 210 333 127 80 187 159 332 193 151 0 121 93 90 30 84 372 243 165 91 253 413 249 313 328 116 233 166 155 113 115 136 350 284 333 277
318 37 172 47 226 346 329 441 6 165 307 227 404 160 164 121 0 33 211 151 46 464 331 69 211 293 502 364 422 372 212 344 156 83 108 37 184 362 252 418 290
298 49 148 15 216 320 303 407 40 131 275 194 372 177 136 93 33 0 182 122 41 430 298 99 180 264 469 341 402 343 178 323 133 76 112 26 152 339 238 384 266
152 230 55 178 146 143 128 257 218 95 100 154 296 258 194 90 211 182 0 59 173 313 198 252 22 255 355 173 243 317 91 164 218 234 182 202 157 362 332 284 296
191 171 39 119 145 199 182 305 158 71 157 149 315 215 159 30 151 122 59 0 115 349 223 195 61 247 390 223 290 319 97 210 178 179 135 143 134 349 296 313 278
272 80 130 54 181 303 286 415 50 145 272 217 396 139 172 84 46 41 173 115 0 447 315 81 176 296 487 320 376 375 190 299 171 117 71 65 180 376 279 404 303
404 460 366 417 453 327 331 100 471 301 239 240 100 564 325 372 464 430 313 349 447 0 132 527 296 228 41 368 432 195 257 387 351 430 484 434 285 289 388 56 285
319 328 246 284 344 259 256 137 338 169 155 109 99 437 198 243 331 298 198 223 315 132 0 395 177 132 171 302 375 150 127 312 226 300 357 302 155 230 285 90 195
330 96 203 114 225 373 356 497 64 225 351 293 471 107 233 165 69 99 252 195 81 527 395 0 256 362 566 385 433 441 270 361 224 145 93 106 252 431 314 482 359
172 226 70 173 167 155 142 245 217 79 96 132 275 271 177 91 211 180 22 61 176 296 177 256 0 233 338 188 260 295 69 182 202 226 193 198 137 341 314 265 275
403 274 284 248 391 362 354 267 298 176 260 101 135 434 129 253 293 264 255 247 296 228 132 362 233 0 254 403 478 79 163 405 145 232 357 256 118 109 160 172 62
444 497 408 455 495 366 371 132 509 341 280 277 119 605 359 413 502 469 355 390 487 41 171 566 338 254 0 406 468 209 297 427 384 465 525 472 322 302 412 86 307
64 390 193 341 176 43 48 276 370 267 147 309 396 345 365 249 364 341 173 223 320 368 302 385 188 403 406 0 74 448 249 30 391 403 295 365 324 513 502 365 454
103 451 255 403 211 116 123 336 427 339 221 384 467 378 437 313 422 402 243 290 376 432 375 433 260 478 468 74 0 522 323 80 462 468 340 426 398 587 575 434 529
457 353 353 328 459 406 401 261 378 248 301 169 94 512 208 328 372 343 317 319 375 195 150 441 295 79 209 448 522 0 227 456 223 310 434 335 195 94 211 143 107
240 215 126 166 231 212 200 229 218 46 124 63 218 309 124 116 212 178 91 97 190 257 127 270 69 163 297 249 323 227 0 247 153 200 229 187 78 271 256 217 207
34 372 176 324 147 60 57 299 350 260 158 309 409 317 358 233 344 323 164 210 299 387 312 361 182 405 427 30 80 456 247 0 382 388 270 348 320 515 496 381 454
367 132 217 118 316 358 344 359 160 123 277 120 272 310 30 166 156 133 218 178 171 351 226 224 202 145 384 391 462 223 153 382 0 87 241 118 78 206 118 298 134
367 49 212 68 291 378 362 425 85 157 316 191 357 243 107 155 83 76 234 179 117 430 300 145 226 232 465 403 468 310 200 388 87 0 187 51 145 287 169 379 218
238 145 128 125 131 288 270 439 110 191 282 269 445 80 238 113 108 112 182 135 71 484 357 93 193 357 525 295 340 434 229 270 241 187 0 136 238 443 351 447 370
324 28 171 24 242 342 326 417 42 141 292 195 370 195 127 115 37 26 202 143 65 434 302 106 198 256 472 365 426 335 187 348 118 51 136 0 151 324 217 386 253
309 175 173 137 279 288 277 283 191 64 201 45 219 316 48 136 184 152 157 134 180 285 155 252 137 118 322 324 398 195 78 320 78 145 238 151 0 214 178 236 143
512 336 387 324 494 471 464 353 367 277 368 208 189 516 205 350 362 339 362 349 376 289 230 431 341 109 302 513 587 94 271 515 206 287 443 324 214 0 146 237 73
483 218 335 225 434 467 455 423 254 236 377 204 292 412 138 284 252 238 332 296 279 388 285 314 314 160 412 502 575 211 256 496 118 169 351 217 178 146 0 332 105
393 411 335 370 429 323 324 125 424 258 225 191 49 527 273 333 418 384 284 313 404 56 90 482 265 172 86 365 434 143 217 381 298 379 447 386 236 237 332 0 229
448 266 316 251 423 414 405 329 295 207 315 144 187 443 131 277 290 266 296 278 303 285 195 359 275 62 307 454 529 107 207 454 134 218 370 253 143 73 105 229 0
