     0.000    522.000    102.000    291.000    402.000    239.000    214.000    433.000    211.000    108.000    436.000    238.000    447.000    137.000    258.000    122.000    183.000    123.000    319.000    109.000    338.000    471.000    360.000    307.000    334.000    225.000    428.000    177.000    181.000    125.000    182.000    440.000    201.000    164.000    400.000    471.000    473.000    450.000    309.000    309.000    158.000
   522.000      0.000    446.000    295.000    319.000    296.000    310.000    372.000    406.000    522.000    100.000    285.000     81.000    526.000    375.000    577.000    621.000    404.000    260.000    540.000    244.000    332.000    210.000    259.000    389.000    375.000    379.000    345.000    468.000    445.000    362.000    109.000    323.000    386.000    290.000     64.000     87.000    179.000    235.000    235.000    423.000
   102.000    446.000      0.000    266.000    299.000    196.000    137.000    331.000    111.000    184.000    353.000    162.000    377.000     99.000    156.000    134.000    187.000     50.000    222.000     99.000    241.000    369.000    266.000    212.000    233.000    122.000    326.000    110.000     98.000    155.000    161.000    354.000    123.000     65.000    298.000    390.000    388.000    354.000    260.000    260.000     57.000
   291.000    295.000    266.000      0.000    384.000     76.000    168.000    441.000    308.000    250.000    253.000    158.000    214.000    365.000    316.000    391.000    450.000    216.000    261.000    360.000    266.000    442.000    258.000    245.000    384.000    288.000    442.000    164.000    344.000    178.000    109.000    266.000    174.000    242.000    363.000    272.000    292.000    329.000     68.000     68.000    283.000
   402.000    319.000    299.000    384.000      0.000    319.000    241.000     59.000    195.000    468.000    227.000    236.000    302.000    323.000    146.000    385.000    402.000    293.000    122.000    352.000    118.000     70.000    137.000    138.000     95.000    177.000     64.000    275.000    250.000    409.000    352.000    214.000    246.000    241.000     28.000    257.000    231.000    142.000    324.000    324.000    245.000
   239.000    296.000    196.000     76.000    319.000      0.000     91.000    374.000    231.000    225.000    230.000     85.000    217.000    295.000    240.000    326.000    383.000    145.000    197.000    294.000    205.000    382.000    205.000    181.000    311.000    211.000    374.000     89.000    269.000    148.000     65.000    240.000     97.000    166.000    301.000    258.000    270.000    287.000     69.000     69.000    208.000
   214.000    310.000    137.000    168.000    241.000     91.000      0.000    292.000    142.000    243.000    222.000     25.000    239.000    227.000    148.000    270.000    320.000     94.000    126.000    234.000    141.000    308.000    153.000    111.000    221.000    120.000    291.000     40.000    187.000    174.000    111.000    225.000     13.000     86.000    228.000    257.000    258.000    244.000    136.000    136.000    128.000
   433.000    372.000    331.000    441.000     59.000    374.000    292.000      0.000    221.000    508.000    284.000    290.000    360.000    338.000    175.000    399.000    408.000    332.000    179.000    370.000    177.000     61.000    197.000    195.000    101.000    210.000      9.000    323.000    266.000    454.000    403.000    270.000    295.000    278.000     86.000    311.000    284.000    192.000    382.000    382.000    275.000
   211.000    406.000    111.000    308.000    195.000    231.000    142.000    221.000      0.000    293.000    306.000    159.000    351.000    133.000     49.000    193.000    222.000    125.000    150.000    159.000    170.000    263.000    201.000    148.000    122.000     31.000    216.000    147.000     63.000    252.000    227.000    302.000    134.000     74.000    199.000    344.000    333.000    278.000    277.000    277.000     54.000
   108.000    522.000    184.000    250.000    468.000    225.000    243.000    508.000    293.000      0.000    451.000    262.000    442.000    244.000    334.000    228.000    287.000    175.000    367.000    217.000    383.000    538.000    397.000    352.000    414.000    298.000    504.000    203.000    279.000     77.000    160.000    458.000    234.000    229.000    461.000    482.000    491.000    487.000    290.000    290.000    240.000
   436.000    100.000    353.000    253.000    227.000    230.000    222.000    284.000    306.000    451.000      0.000    198.000     79.000    429.000    274.000    482.000    523.000    315.000    159.000    445.000    143.000    254.000    109.000    158.000    290.000    275.000    290.000    260.000    369.000    375.000    293.000     16.000    235.000    291.000    199.000     37.000     40.000    102.000    185.000    185.000    326.000
   238.000    285.000    162.000    158.000    236.000     85.000     25.000    290.000    159.000    262.000    198.000      0.000    214.000    251.000    159.000    295.000    345.000    118.000    117.000    259.000    128.000    301.000    136.000    100.000    226.000    134.000    289.000     62.000    208.000    190.000    119.000    201.000     38.000    109.000    220.000    232.000    235.000    225.000    118.000    118.000    151.000
   447.000     81.000    377.000    214.000    302.000    217.000    239.000    360.000    351.000    442.000     79.000    214.000      0.000    463.000    327.000    510.000    557.000    332.000    216.000    474.000    204.000    332.000    173.000    211.000    356.000    320.000    366.000    271.000    410.000    365.000    282.000     95.000    253.000    321.000    274.000     71.000    100.000    181.000    154.000    154.000    360.000
   137.000    526.000     99.000    365.000    323.000    295.000    227.000    338.000    133.000    244.000    429.000    251.000    463.000      0.000    180.000     61.000     94.000    149.000    280.000     34.000    300.000    388.000    330.000    275.000    236.000    161.000    331.000    207.000     73.000    240.000    260.000    427.000    214.000    142.000    331.000    467.000    460.000    410.000    358.000    358.000    103.000
   258.000    375.000    156.000    316.000    146.000    240.000    148.000    175.000     49.000    334.000    274.000    159.000    327.000    180.000      0.000    241.000    266.000    160.000    115.000    207.000    132.000    215.000    165.000    117.000     80.000     36.000    170.000    166.000    108.000    286.000    249.000    268.000    145.000    106.000    151.000    311.000    297.000    235.000    275.000    275.000    100.000
   122.000    577.000    134.000    391.000    385.000    326.000    270.000    399.000    193.000    228.000    482.000    295.000    510.000     61.000    241.000      0.000     62.000    182.000    337.000     36.000    357.000    450.000    386.000    331.000    298.000    220.000    392.000    244.000    134.000    243.000    282.000    481.000    257.000    190.000    392.000    519.000    514.000    469.000    393.000    393.000    157.000
   183.000    621.000    187.000    450.000    402.000    383.000    320.000    408.000    222.000    287.000    523.000    345.000    557.000     94.000    266.000     62.000      0.000    237.000    372.000     89.000    391.000    462.000    422.000    368.000    309.000    252.000    400.000    298.000    158.000    305.000    342.000    521.000    307.000    236.000    413.000    561.000    553.000    500.000    448.000    448.000    198.000
   123.000    404.000     50.000    216.000    293.000    145.000     94.000    332.000    125.000    175.000    315.000    118.000    332.000    149.000    160.000    182.000    237.000      0.000    198.000    148.000    216.000    363.000    237.000    186.000    241.000    124.000    329.000     62.000    136.000    126.000    114.000    317.000     80.000     54.000    287.000    351.000    351.000    327.000    210.000    210.000     79.000
   319.000    260.000    222.000    261.000    122.000    197.000    126.000    179.000    150.000    367.000    159.000    117.000    216.000    280.000    115.000    337.000    372.000    198.000      0.000    301.000     19.000    184.000     50.000     16.000    142.000    120.000    180.000    165.000    214.000    300.000    235.000    153.000    134.000    157.000    103.000    196.000    183.000    132.000    203.000    203.000    181.000
   109.000    540.000     99.000    360.000    352.000    294.000    234.000    370.000    159.000    217.000    445.000    259.000    474.000     34.000    207.000     36.000     89.000    148.000    301.000      0.000    321.000    418.000    349.000    294.000    268.000    184.000    363.000    210.000    103.000    221.000    252.000    444.000    221.000    153.000    358.000    482.000    477.000    433.000    359.000    359.000    120.000
   338.000    244.000    241.000    266.000    118.000    205.000    141.000    177.000    170.000    383.000    143.000    128.000    204.000    300.000    132.000    357.000    391.000    216.000     19.000    321.000      0.000    176.000     33.000     30.000    152.000    139.000    180.000    180.000    233.000    315.000    247.000    135.000    149.000    176.000     96.000    180.000    165.000    113.000    205.000    205.000    200.000
   471.000    332.000    369.000    442.000     70.000    382.000    308.000     61.000    263.000    538.000    254.000    301.000    332.000    388.000    215.000    450.000    462.000    363.000    184.000    418.000    176.000      0.000    186.000    201.000    152.000    246.000     70.000    343.000    315.000    478.000    419.000    238.000    314.000    311.000     81.000    276.000    246.000    154.000    379.000    379.000    314.000
   360.000    210.000    266.000    258.000    137.000    205.000    153.000    197.000    201.000    397.000    109.000    136.000    173.000    330.000    165.000    386.000    422.000    237.000     50.000    349.000     33.000    186.000      0.000     55.000    183.000    170.000    200.000    194.000    265.000    326.000    254.000    102.000    164.000    201.000    111.000    146.000    132.000     90.000    193.000    193.000    229.000
   307.000    259.000    212.000    245.000    138.000    181.000    111.000    195.000    148.000    352.000    158.000    100.000    211.000    275.000    117.000    331.000    368.000    186.000     16.000    294.000     30.000    201.000     55.000      0.000    153.000    117.000    196.000    149.000    211.000    285.000    219.000    153.000    119.000    147.000    120.000    196.000    185.000    142.000    188.000    188.000    173.000
   334.000    389.000    233.000    384.000     95.000    311.000    221.000    101.000    122.000    414.000    290.000    226.000    356.000    236.000     80.000    298.000    309.000    241.000    142.000    268.000    152.000    152.000    183.000    153.000      0.000    117.000     95.000    244.000    164.000    367.000    327.000    280.000    220.000    187.000    114.000    325.000    304.000    224.000    336.000    336.000    176.000
   225.000    375.000    122.000    288.000    177.000    211.000    120.000    210.000     31.000    298.000    275.000    134.000    320.000    161.000     36.000    220.000    252.000    124.000    120.000    184.000    139.000    246.000    170.000    117.000    117.000      0.000    206.000    132.000     94.000    250.000    215.000    270.000    114.000     69.000    177.000    313.000    302.000    249.000    252.000    252.000     69.000
   428.000    379.000    326.000    442.000     64.000    374.000    291.000      9.000    216.000    504.000    290.000    289.000    366.000    331.000    170.000    392.000    400.000    329.000    180.000    363.000    180.000     70.000    200.000    196.000     95.000    206.000      0.000    321.000    260.000    451.000    401.000    276.000    293.000    275.000     91.000    318.000    291.000    199.000    384.000    384.000    270.000
   177.000    345.000    110.000    164.000    275.000     89.000     40.000    323.000    147.000    203.000    260.000     62.000    271.000    207.000    166.000    244.000    298.000     62.000    165.000    210.000    180.000    343.000    194.000    149.000    244.000    132.000    321.000      0.000    180.000    135.000     82.000    264.000     30.000     77.000    263.000    294.000    297.000    284.000    150.000    150.000    119.000
   181.000    468.000     98.000    344.000    250.000    269.000    187.000    266.000     63.000    279.000    369.000    208.000    410.000     73.000    108.000    134.000    158.000    136.000    214.000    103.000    233.000    315.000    265.000    211.000    164.000     94.000    260.000    180.000      0.000    253.000    250.000    365.000    176.000    103.000    258.000    407.000    397.000    342.000    323.000    323.000     60.000
   125.000    445.000    155.000    178.000    409.000    148.000    174.000    454.000    252.000     77.000    375.000    190.000    365.000    240.000    286.000    243.000    305.000    126.000    300.000    221.000    315.000    478.000    326.000    285.000    367.000    250.000    451.000    135.000    253.000      0.000     83.000    383.000    166.000    180.000    399.000    405.000    415.000    416.000    213.000    213.000    203.000
   182.000    362.000    161.000    109.000    352.000     65.000    111.000    403.000    227.000    160.000    293.000    119.000    282.000    260.000    249.000    282.000    342.000    114.000    235.000    252.000    247.000    419.000    254.000    219.000    327.000    215.000    401.000     82.000    250.000     83.000      0.000    301.000    108.000    154.000    338.000    322.000    333.000    341.000    132.000    132.000    190.000
   440.000    109.000    354.000    266.000    214.000    240.000    225.000    270.000    302.000    458.000     16.000    201.000     95.000    427.000    268.000    481.000    521.000    317.000    153.000    444.000    135.000    238.000    102.000    153.000    280.000    270.000    276.000    264.000    365.000    383.000    301.000      0.000    238.000    291.000    185.000     45.000     33.000     85.000    197.000    197.000    324.000
   201.000    323.000    123.000    174.000    246.000     97.000     13.000    295.000    134.000    234.000    235.000     38.000    253.000    214.000    145.000    257.000    307.000     80.000    134.000    221.000    149.000    314.000    164.000    119.000    220.000    114.000    293.000     30.000    176.000    166.000    108.000    238.000      0.000     74.000    233.000    270.000    271.000    255.000    147.000    147.000    117.000
   164.000    386.000     65.000    242.000    241.000    166.000     86.000    278.000     74.000    229.000    291.000    109.000    321.000    142.000    106.000    190.000    236.000     54.000    157.000    153.000    176.000    311.000    201.000    147.000    187.000     69.000    275.000     77.000    103.000    180.000    154.000    291.000     74.000      0.000    237.000    328.000    324.000    289.000    221.000    221.000     43.000
   400.000    290.000    298.000    363.000     28.000    301.000    228.000     86.000    199.000    461.000    199.000    220.000    274.000    331.000    151.000    392.000    413.000    287.000    103.000    358.000     96.000     81.000    111.000    120.000    114.000    177.000     91.000    263.000    258.000    399.000    338.000    185.000    233.000    237.000      0.000    228.000    203.000    114.000    301.000    301.000    246.000
   471.000     64.000    390.000    272.000    257.000    258.000    257.000    311.000    344.000    482.000     37.000    232.000     71.000    467.000    311.000    519.000    561.000    351.000    196.000    482.000    180.000    276.000    146.000    196.000    325.000    313.000    318.000    294.000    407.000    405.000    322.000     45.000    270.000    328.000    228.000      0.000     31.000    121.000    206.000    206.000    363.000
   473.000     87.000    388.000    292.000    231.000    270.000    258.000    284.000    333.000    491.000     40.000    235.000    100.000    460.000    297.000    514.000    553.000    351.000    183.000    477.000    165.000    246.000    132.000    185.000    304.000    302.000    291.000    297.000    397.000    415.000    333.000     33.000    271.000    324.000    203.000     31.000      0.000     92.000    224.000    224.000    357.000
   450.000    179.000    354.000    329.000    142.000    287.000    244.000    192.000    278.000    487.000    102.000    225.000    181.000    410.000    235.000    469.000    500.000    327.000    132.000    433.000    113.000    154.000     90.000    142.000    224.000    249.000    199.000    284.000    342.000    416.000    341.000     85.000    255.000    289.000    114.000    121.000     92.000      0.000    260.000    260.000    313.000
   309.000    235.000    260.000     68.000    324.000     69.000    136.000    382.000    277.000    290.000    185.000    118.000    154.000    358.000    275.000    393.000    448.000    210.000    203.000    359.000    205.000    379.000    193.000    188.000    336.000    252.000    384.000    150.000    323.000    213.000    132.000    197.000    147.000    221.000    301.000    206.000    224.000    260.000      0.000      0.000    264.000
   309.000    235.000    260.000     68.000    324.000     69.000    136.000    382.000    277.000    290.000    185.000    118.000    154.000    358.000    275.000    393.000    448.000    210.000    203.000    359.000    205.000    379.000    193.000    188.000    336.000    252.000    384.000    150.000    323.000    213.000    132.000    197.000    147.000    221.000    301.000    206.000    224.000    260.000      0.000      0.000    264.000
   158.000    423.000     57.000    283.000    245.000    208.000    128.000    275.000     54.000    240.000    326.000    151.000    360.000    103.000    100.000    157.000    198.000     79.000    181.000    120.000    200.000    314.000    229.000    173.000    176.000     69.000    270.000    119.000     60.000    203.000    190.000    324.000    117.000     43.000    246.000    363.000    357.000    313.000    264.000    264.000      0.000
