     0.000      2.195      0.582      2.902      4.107      3.921      4.950      0.414      1.885      3.569      2.446      4.375      2.168      1.623      1.581      0.414      0.548      2.558      1.902      0.890      5.114      3.647      1.068      2.514      3.055      5.524      4.343      5.012      3.933      2.399      4.142      1.468      0.554      1.620      0.318      1.948      3.737      2.431      4.572      4.572      3.864
     2.195      0.000      1.646      1.193      1.932      1.741      3.478      1.985      1.217      1.707      2.044      3.803      2.262      2.211      0.640      1.919      1.647      0.612      0.443      1.445      4.072      2.738      2.265      0.780      3.157      4.537      2.148      2.842      3.924      1.404      1.959      2.419      2.366      1.431      1.911      1.924      4.302      3.732      3.723      3.723      1.717
     0.582      1.646      0.000      2.475      3.539      3.355      4.410      0.598      1.338      2.988      1.997      3.973      2.139      1.345      1.016      0.526      0.175      1.978      1.327      0.606      4.637      3.165      1.275      1.932      2.762      5.062      3.791      4.483      3.646      1.855      3.604      1.312      0.763      1.397      0.271      1.532      3.602      2.505      4.121      4.121      3.344
     2.902      1.193      2.475      0.000      2.023      1.842      4.284      2.563      2.406      2.440      3.234      4.916      1.885      3.346      1.668      2.522      2.400      1.624      1.614      2.014      5.044      3.823      2.503      1.860      4.350      5.510      1.960      2.348      5.106      2.575      1.640      3.513      3.238      1.463      2.694      3.107      5.491      4.825      4.773      4.773      1.263
     4.107      1.932      3.539      2.023      0.000      0.197      2.647      3.917      2.607      1.168      3.010      3.930      3.850      3.686      2.527      3.850      3.563      1.594      2.214      3.375      3.640      2.884      4.155      1.732      4.027      4.072      0.478      1.295      4.514      2.357      0.677      3.981      4.201      3.200      3.809      3.211      5.244      5.195      3.591      3.591      0.946
     3.921      1.741      3.355      1.842      0.197      0.000      2.722      3.725      2.456      1.129      2.901      3.917      3.657      3.542      2.341      3.659      3.375      1.426      2.033      3.181      3.683      2.852      3.958      1.578      3.942      4.124      0.542      1.373      4.460      2.233      0.635      3.831      4.025      3.003      3.625      3.079      5.160      5.060      3.601      3.601      0.833
     4.950      3.478      4.410      4.284      2.647      2.722      0.000      4.983      3.071      1.846      2.650      1.926      5.739      3.663      3.706      4.907      4.531      2.866      3.395      4.617      1.113      1.531      5.523      2.731      2.973      1.476      3.076      3.735      2.908      2.555      3.324      3.990      4.730      4.885      4.641      3.145      3.925      4.703      1.393      1.393      3.552
     0.414      1.985      0.598      2.563      3.917      3.725      4.983      0.000      1.919      3.489      2.595      4.566      1.759      1.883      1.422      0.077      0.454      2.424      1.761      0.565      5.235      3.762      0.715      2.419      3.318      5.660      4.115      4.746      4.202      2.433      3.892      1.784      0.947      1.223      0.473      2.123      4.078      2.828      4.719      4.719      3.593
     1.885      1.217      1.338      2.406      2.607      2.456      3.071      1.919      0.000      1.780      0.883      2.822      3.020      1.093      0.892      1.842      1.465      1.066      0.797      1.622      3.349      1.886      2.510      0.879      1.958      3.790      2.973      3.770      2.766      0.516      2.892      1.375      1.751      2.128      1.573      0.712      3.085      2.628      2.876      2.876      2.753
     3.569      1.707      2.988      2.440      1.168      1.129      1.846      3.489      1.780      0.000      1.942      2.792      3.953      2.763      2.086      3.414      3.065      1.114      1.746      3.025      2.657      1.723      3.910      1.070      2.890      3.115      1.642      2.462      3.347      1.382      1.758      3.086      3.519      3.138      3.252      2.241      4.099      4.198      2.502      2.502      1.866
     2.446      2.044      1.997      3.234      3.010      2.901      2.650      2.595      0.883      1.942      0.000      1.988      3.881      1.013      1.774      2.523      2.157      1.714      1.658      2.416      2.670      1.214      3.256      1.473      1.124      3.078      3.443      4.271      1.888      0.704      3.439      1.342      2.127      2.994      2.169      0.511      2.317      2.272      2.129      2.129      3.378
     4.375      3.803      3.973      4.916      3.930      3.917      1.926      4.566      2.822      2.792      1.988      0.000      5.842      2.781      3.698      4.496      4.137      3.292      3.506      4.403      1.121      1.105      5.240      3.060      1.509      1.331      4.408      5.196      1.049      2.428      4.549      3.032      3.972      4.948      4.121      2.443      2.101      3.250      0.550      0.550      4.643
     2.168      2.262      2.139      1.885      3.850      3.657      5.739      1.759      3.020      3.953      3.881      5.842      0.000      3.462      2.152      1.780      1.970      2.874      2.396      1.551      6.275      4.862      1.193      3.017      4.825      6.733      3.839      4.203      5.696      3.442      3.525      3.450      2.704      0.896      2.176      3.519      5.737      4.581      5.862      5.862      3.148
     1.623      2.211      1.345      3.346      3.686      3.542      3.663      1.883      1.093      2.763      1.013      2.781      3.462      0.000      1.683      1.825      1.520      2.157      1.768      1.912      3.615      2.201      2.595      1.969      1.437      3.994      4.064      4.863      2.320      1.382      3.984      0.335      1.191      2.650      1.413      0.541      2.283      1.539      3.035      3.035      3.835
     1.581      0.640      1.016      1.668      2.527      2.341      3.706      1.422      0.892      2.086      1.774      3.698      2.152      1.683      0.000      1.350      1.038      1.002      0.341      0.940      4.140      2.711      1.835      1.020      2.819      4.593      2.775      3.481      3.648      1.290      2.597      1.847      1.726      1.257      1.285      1.512      3.889      3.161      3.711      3.711      2.355
     0.414      1.919      0.526      2.522      3.850      3.659      4.907      0.077      1.842      3.414      2.523      4.496      1.780      1.825      1.350      0.000      0.377      2.351      1.688      0.514      5.160      3.688      0.770      2.345      3.257      5.587      4.053      4.690      4.142      2.357      3.833      1.735      0.925      1.206      0.421      2.054      4.032      2.802      4.647      4.647      3.538
     0.548      1.647      0.175      2.400      3.563      3.375      4.531      0.454      1.465      3.065      2.157      4.137      1.970      1.520      1.038      0.377      0.000      2.026      1.366      0.457      4.785      3.313      1.106      2.000      2.936      5.213      3.795      4.467      3.820      1.980      3.595      1.481      0.855      1.251      0.294      1.699      3.774      2.652      4.276      4.276      3.321
     2.558      0.612      1.978      1.624      1.594      1.426      2.866      2.424      1.066      1.114      1.714      3.292      2.874      2.157      1.002      2.351      2.026      0.000      0.663      1.930      3.484      2.201      2.802      0.246      2.835      3.950      1.923      2.707      3.528      1.013      1.826      2.427      2.610      2.033      2.249      1.747      4.030      3.694      3.166      3.166      1.697
     1.902      0.443      1.327      1.614      2.214      2.033      3.395      1.761      0.797      1.746      1.658      3.506      2.396      1.768      0.341      1.688      1.366      0.663      0.000      1.279      3.878      2.480      2.168      0.685      2.754      4.337      2.488      3.223      3.547      1.078      2.334      1.981      1.999      1.511      1.598      1.494      3.879      3.291      3.479      3.479      2.123
     0.890      1.445      0.606      2.014      3.375      3.181      4.617      0.565      1.622      3.025      2.416      4.403      1.551      1.912      0.940      0.514      0.457      1.930      1.279      0.000      4.970      3.508      0.906      1.960      3.291      5.412      3.558      4.181      4.169      2.113      3.330      1.911      1.300      0.795      0.729      2.005      4.187      3.108      4.494      4.494      3.028
     5.114      4.072      4.637      5.044      3.640      3.683      1.113      5.235      3.349      2.657      2.670      1.121      6.275      3.615      4.140      5.160      4.785      3.484      3.878      4.970      0.000      1.473      5.857      3.293      2.540      0.466      4.095      4.801      2.168      2.863      4.310      3.909      4.785      5.386      4.829      3.177      3.219      4.315      0.623      0.623      4.491
     3.647      2.738      3.165      3.823      2.884      2.852      1.531      3.762      1.886      1.723      1.214      1.105      4.862      2.201      2.711      3.688      3.313      2.201      2.480      3.508      1.473      0.000      4.389      1.976      1.477      1.905      3.362      4.171      1.671      1.421      3.477      2.515      3.341      3.967      3.358      1.726      2.563      3.174      1.001      1.001      3.551
     1.068      2.265      1.275      2.503      4.155      3.958      5.523      0.715      2.510      3.910      3.256      5.240      1.193      2.595      1.835      0.770      1.106      2.802      2.168      0.906      5.857      4.389      0.000      2.853      4.027      6.293      4.278      4.817      4.911      3.011      4.014      2.498      1.621      1.040      1.188      2.805      4.789      3.493      5.364      5.364      3.676
     2.514      0.780      1.932      1.860      1.732      1.578      2.731      2.419      0.879      1.070      1.473      3.060      3.017      1.969      1.020      2.345      2.000      0.246      0.685      1.960      3.293      1.976      2.853      0.000      2.592      3.757      2.095      2.897      3.282      0.770      2.026      2.253      2.515      2.154      2.200      1.533      3.790      3.498      2.952      2.952      1.920
     3.055      3.157      2.762      4.350      4.027      3.942      2.973      3.318      1.958      2.890      1.124      1.509      4.825      1.437      2.819      3.257      2.936      2.835      2.754      3.291      2.540      1.477      4.027      2.592      0.000      2.828      4.482      5.314      0.884      1.822      4.511      1.615      2.586      3.968      2.848      1.318      1.219      1.779      1.917      1.917      4.479
     5.524      4.537      5.062      5.510      4.072      4.124      1.476      5.660      3.790      3.115      3.078      1.331      6.733      3.994      4.593      5.587      5.213      3.950      4.337      5.412      0.466      1.905      6.293      3.757      2.828      0.000      4.521      5.205      2.328      3.311      4.745      4.275      5.175      5.843      5.245      3.579      3.360      4.581      0.959      0.959      4.938
     4.343      2.148      3.791      1.960      0.478      0.542      3.076      4.115      2.973      1.642      3.443      4.408      3.839      4.064      2.775      4.053      3.795      1.923      2.488      3.558      4.095      3.362      4.278      2.095      4.482      4.521      0.000      0.832      4.987      2.771      0.343      4.345      4.487      3.279      4.057      3.610      5.700      5.588      4.064      4.064      0.720
     5.012      2.842      4.483      2.348      1.295      1.373      3.735      4.746      3.770      2.462      4.271      5.196      4.203      4.863      3.481      4.690      4.467      2.707      3.223      4.181      4.801      4.171      4.817      2.897      5.314      5.205      0.832      0.000      5.808      3.594      0.889      5.134      5.207      3.784      4.743      4.424      6.532      6.395      4.824      4.824      1.153
     3.933      3.924      3.646      5.106      4.514      4.460      2.908      4.202      2.766      3.347      1.888      1.049      5.696      2.320      3.648      4.142      3.820      3.528      3.547      4.169      2.168      1.671      4.911      3.282      0.884      2.328      4.987      5.808      0.000      2.533      5.067      2.480      3.452      4.829      3.732      2.177      1.052      2.347      1.589      1.589      5.087
     2.399      1.404      1.855      2.575      2.357      2.233      2.555      2.433      0.516      1.382      0.704      2.428      3.442      1.382      1.290      2.357      1.980      1.013      1.078      2.113      2.863      1.421      3.011      0.770      1.822      3.311      2.771      3.594      2.533      0.000      2.747      1.705      2.231      2.547      2.087      0.867      3.022      2.846      2.421      2.421      2.676
     4.142      1.959      3.604      1.640      0.677      0.635      3.324      3.892      2.892      1.758      3.439      4.549      3.525      3.984      2.597      3.833      3.595      1.826      2.334      3.330      4.310      3.477      4.014      2.026      4.511      4.745      0.343      0.889      5.067      2.747      0.000      4.250      4.321      3.000      3.867      3.558      5.730      5.520      4.236      4.236      0.383
     1.468      2.419      1.312      3.513      3.981      3.831      3.990      1.784      1.375      3.086      1.342      3.032      3.450      0.335      1.847      1.735      1.481      2.427      1.981      1.911      3.909      2.515      2.498      2.253      1.615      4.275      4.345      5.134      2.480      1.705      4.250      0.000      0.973      2.684      1.314      0.876      2.299      1.316      3.318      3.318      4.083
     0.554      2.366      0.763      3.238      4.201      4.025      4.730      0.947      1.751      3.519      2.127      3.972      2.704      1.191      1.726      0.925      0.855      2.610      1.999      1.300      4.785      3.341      1.621      2.515      2.586      5.175      4.487      5.207      3.452      2.231      4.321      0.973      0.000      2.084      0.571      1.615      3.198      1.881      4.217      4.217      4.079
     1.620      1.431      1.397      1.463      3.200      3.003      4.885      1.223      2.128      3.138      2.994      4.948      0.896      2.650      1.257      1.206      1.251      2.033      1.511      0.795      5.386      3.967      1.040      2.154      3.968      5.843      3.279      3.784      4.829      2.547      3.000      2.684      2.084      0.000      1.515      2.653      4.932      3.901      4.968      4.968      2.651
     0.318      1.911      0.271      2.694      3.809      3.625      4.641      0.473      1.573      3.252      2.169      4.121      2.176      1.413      1.285      0.421      0.294      2.249      1.598      0.729      4.829      3.358      1.188      2.200      2.848      5.245      4.057      4.743      3.732      2.087      3.867      1.314      0.571      1.515      0.000      1.681      3.611      2.412      4.297      4.297      3.600
     1.948      1.924      1.532      3.107      3.211      3.079      3.145      2.123      0.712      2.241      0.511      2.443      3.519      0.541      1.512      2.054      1.699      1.747      1.494      2.005      3.177      1.726      2.805      1.533      1.318      3.579      3.610      4.424      2.177      0.867      3.558      0.876      1.615      2.653      1.681      0.000      2.388      1.984      2.625      2.625      3.444
     3.737      4.302      3.602      5.491      5.244      5.160      3.925      4.078      3.085      4.099      2.317      2.101      5.737      2.283      3.889      4.032      3.774      4.030      3.879      4.187      3.219      2.563      4.789      3.790      1.219      3.360      5.700      6.532      1.052      3.022      5.730      2.299      3.198      4.932      3.611      2.388      0.000      1.624      2.638      2.638      5.691
     2.431      3.732      2.505      4.825      5.195      5.060      4.703      2.828      2.628      4.198      2.272      3.250      4.581      1.539      3.161      2.802      2.652      3.694      3.291      3.108      4.315      3.174      3.493      3.498      1.779      4.581      5.588      6.395      2.347      2.846      5.520      1.316      1.881      3.901      2.412      1.984      1.624      0.000      3.693      3.693      5.374
     4.572      3.723      4.121      4.773      3.591      3.601      1.393      4.719      2.876      2.502      2.129      0.550      5.862      3.035      3.711      4.647      4.276      3.166      3.479      4.494      0.623      1.001      5.364      2.952      1.917      0.959      4.064      4.824      1.589      2.421      4.236      3.318      4.217      4.968      4.297      2.625      2.638      3.693      0.000      0.000      4.368
     4.572      3.723      4.121      4.773      3.591      3.601      1.393      4.719      2.876      2.502      2.129      0.550      5.862      3.035      3.711      4.647      4.276      3.166      3.479      4.494      0.623      1.001      5.364      2.952      1.917      0.959      4.064      4.824      1.589      2.421      4.236      3.318      4.217      4.968      4.297      2.625      2.638      3.693      0.000      0.000      4.368
     3.864      1.717      3.344      1.263      0.946      0.833      3.552      3.593      2.753      1.866      3.378      4.643      3.148      3.835      2.355      3.538      3.321      1.697      2.123      3.028      4.491      3.551      3.676      1.920      4.479      4.938      0.720      1.153      5.087      2.676      0.383      4.083      4.079      2.651      3.600      3.444      5.691      5.374      4.368      4.368      0.000
