     0.000      1.862      0.797      3.214      1.698      1.746      1.839      2.090      3.214      1.049      1.490      2.784      2.538      2.964      2.019      3.149      3.151      2.658      1.442      3.805      2.057      2.330      0.645      0.819      0.693      2.688      2.641      2.992      0.730      1.706      1.182      3.577      1.632      1.065      2.439      0.646      2.525      3.159      1.692      0.730      1.562      2.516      2.969      1.017      2.029      1.707      3.161      1.668      7.889      3.207      1.241      2.518      2.737      1.930      2.928      2.029      3.088      0.732      3.112      3.009      1.522      0.219      2.377      1.477      3.237      3.129      3.093      1.597      2.532      0.648      2.165      1.121      2.709      2.119      1.885      0.585      2.769      2.313      1.798      1.866      3.321      2.128      2.929      3.172      2.820      1.782      1.193      1.684      2.936      3.765      1.611      2.617      1.553      0.915      1.595      1.673      3.160      1.108      1.689      1.689      1.324
     1.862      0.000      1.166      2.603      3.327      3.603      3.584      1.995      3.550      1.233      3.104      4.636      0.782      4.632      1.893      2.144      1.326      4.447      3.061      5.574      3.333      4.175      1.846      2.248      1.287      3.289      2.502      4.385      1.543      1.669      1.682      5.220      3.037      1.133      1.554      2.237      4.382      1.319      2.138      2.565      0.335      4.124      2.354      0.853      1.139      2.557      4.955      2.024      9.664      1.345      2.616      4.062      1.090      0.278      4.571      3.785      2.863      2.178      3.565      2.193      3.382      1.891      0.939      2.492      4.747      4.921      2.284      0.359      4.392      2.101      1.365      1.455      4.481      3.943      3.510      1.339      4.098      4.131      0.478      3.723      1.492      3.867      2.940      1.362      1.308      2.406      2.833      2.623      1.826      3.694      1.139      0.963      3.040      1.920      0.706      2.074      1.358      2.284      3.238      3.238      0.991
     0.797      1.166      0.000      2.570      2.464      2.520      2.418      1.540      2.924      0.964      1.944      3.497      1.918      3.473      1.450      2.410      2.491      3.455      1.900      4.408      2.708      3.113      0.692      1.092      0.635      2.505      2.122      3.704      0.413      1.726      1.365      4.067      1.915      0.901      1.694      1.357      3.249      2.408      1.347      1.525      0.930      3.285      2.314      0.478      1.257      1.604      3.791      1.876      8.685      2.482      1.896      2.924      1.947      1.308      3.416      2.619      2.561      1.017      2.873      2.304      2.263      0.757      1.886      1.464      3.623      3.757      2.394      0.849      3.294      1.284      1.418      0.572      3.506      2.912      2.352      0.212      3.457      3.107      1.260      2.640      2.657      2.701      2.485      2.525      2.024      2.133      1.952      2.173      2.173      3.322      0.866      2.049      2.268      1.333      0.799      1.903      2.390      1.183      2.430      2.430      1.060
     3.214      2.603      2.570      0.000      4.887      4.570      3.892      1.159      1.673      3.430      3.331      5.158      3.120      4.464      1.209      0.702      3.253      5.631      3.318      5.533      5.254      5.157      2.641      2.804      3.187      1.921      0.791      6.206      2.485      4.115      3.889      4.869      2.969      3.339      1.050      3.855      4.982      2.619      1.719      3.830      2.758      5.686      0.261      2.826      1.491      2.126      5.107      4.368     10.692      2.867      4.434      3.778      1.968      2.877      4.357      4.063      0.628      2.820      1.836      0.460      4.221      3.050      3.489      2.332      4.206      5.070      0.395      2.399      5.199      3.818      1.264      2.095      5.711      5.053      3.580      2.735      5.982      5.245      3.068      4.671      3.329      4.076      0.987      3.333      1.692      4.674      4.396      4.742      0.963      1.293      1.734      3.366      4.767      3.903      2.049      4.405      2.421      2.523      4.898      4.898      3.364
     1.698      3.327      2.464      4.887      0.000      1.057      2.049      3.739      4.611      2.139      2.187      2.111      3.824      3.016      3.679      4.848      4.451      1.229      2.157      3.418      0.794      1.245      2.248      2.168      2.050      4.013      4.256      1.360      2.417      2.249      1.816      3.575      2.573      2.226      4.137      1.116      1.867      4.640      3.259      1.069      2.993      0.821      4.649      2.509      3.718      3.090      2.775      1.896      6.350      4.629      0.773      2.941      4.335      3.291      3.047      2.117      4.694      2.123      4.462      4.703      1.261      1.840      3.489      2.829      3.556      2.759      4.786      3.154      1.600      1.231      3.862      2.810      1.225      0.946      2.372      2.258      1.211      1.056      3.078      1.107      4.619      2.230      4.480      4.448      4.458      1.626      0.512      1.239      4.630      5.286      3.307      3.813      0.388      1.451      3.244      1.852      4.684      2.498      0.201      0.201      2.448
     1.746      3.603      2.520      4.570      1.057      0.000      1.081      3.417      3.959      2.598      1.404      1.161      4.242      1.961      3.383      4.682      4.866      1.070      1.391      2.412      1.851      0.604      2.035      1.775      2.355      3.339      3.847      2.189      2.303      2.965      2.441      2.519      1.828      2.657      4.012      1.487      0.894      4.905      2.854      1.045      3.292      1.437      4.361      2.752      3.666      2.538      1.754      2.695      6.205      4.948      1.566      1.947      4.465      3.647      1.996      1.102      4.253      1.775      3.781      4.482      0.362      1.766      4.008      2.289      2.519      1.734      4.554      3.343      0.792      1.656      3.755      2.656      1.162      0.499      1.454      2.313      2.143      0.680      3.485      0.121      5.037      1.208      3.978      4.880      4.522      2.524      1.112      2.175      4.524      4.719      3.232      4.289      1.364      2.032      3.309      2.664      4.904      2.048      1.246      1.246      2.916
     1.839      3.584      2.418      3.892      2.049      1.081      0.000      2.802      3.010      2.879      0.571      1.266      4.322      1.139      2.798      4.146      4.908      2.036      0.596      1.990      2.819      1.479      1.756      1.368      2.532      2.391      3.118      3.267      2.067      3.450      2.899      1.755      0.934      2.902      3.553      1.962      1.100      4.790      2.208      1.447      3.327      2.518      3.720      2.799      3.306      1.768      1.380      3.288      6.810      4.887      2.315      0.892      4.235      3.707      1.122      0.202      3.476      1.423      2.815      3.901      0.790      1.730      4.208      1.569      1.546      1.345      3.958      3.260      1.383      2.115      3.332      2.310      2.146      1.532      0.393      2.252      3.206      1.670      3.610      1.111      5.075      0.289      3.155      4.940      4.222      3.232      1.897      2.951      4.054      3.819      2.891      4.427      2.266      2.521      3.104      3.272      4.741      1.484      2.211      2.211      3.163
     2.090      1.995      1.540      1.159      3.739      3.417      2.802      0.000      1.556      2.481      2.232      4.065      2.701      3.512      0.103      1.352      3.048      4.475      2.213      4.574      4.145      4.009      1.491      1.646      2.176      1.380      0.582      5.071      1.368      3.223      2.905      3.990      1.911      2.403      0.885      2.735      3.873      2.592      0.595      2.677      2.019      4.532      0.944      1.901      0.949      1.083      4.088      3.411      9.569      2.792      3.326      2.834      1.897      2.265      3.416      2.985      1.022      1.661      1.586      1.099      3.073      1.912      2.932      1.237      3.374      4.051      1.158      1.683      4.067      2.716      0.800      0.998      4.554      3.897      2.526      1.668      4.857      4.090      2.382      3.521      3.173      3.012      0.975      3.115      1.738      3.672      3.256      3.690      1.315      1.794      0.872      2.923      3.638      2.851      1.299      3.440      2.452      1.377      3.759      3.759      2.494
     3.214      3.550      2.924      1.673      4.611      3.959      3.010      1.556      0.000      3.886      2.557      4.188      4.253      3.202      1.657      2.322      4.565      5.007      2.568      4.229      5.190      4.465      2.573      2.482      3.530      0.621      1.138      5.969      2.615      4.650      4.252      3.475      2.132      3.824      2.266      3.821      4.081      4.040      1.580      3.575      3.555      5.309      1.713      3.356      2.482      1.536      3.938      4.770      9.706      4.264      4.412      2.560      3.340      3.818      3.085      3.123      1.046      2.548      0.220      2.023      3.598      2.999      4.487      1.793      2.789      3.903      2.005      3.230      4.392      3.859      2.296      2.354      5.109      4.455      2.626      2.984      5.813      4.623      3.924      4.030      4.678      3.091      0.724      4.636      3.121      4.967      4.207      4.899      2.486      0.856      2.418      4.478      4.626      4.101      2.850      4.790      3.872      2.149      4.690      4.690      3.960
     1.049      1.233      0.964      3.430      2.139      2.598      2.879      2.481      3.886      0.000      2.536      3.721      1.691      4.009      2.385      3.146      2.320      3.314      2.488      4.820      2.101      3.118      1.462      1.789      0.393      3.451      3.062      3.152      1.300      0.765      0.477      4.624      2.640      0.102      2.452      1.122      3.454      2.518      2.308      1.570      0.903      2.914      3.169      0.604      1.983      2.514      4.165      0.940      8.488      2.493      1.398      3.563      2.307      1.157      3.975      3.063      3.493      1.698      3.831      3.103      2.457      1.209      1.410      2.336      4.282      4.135      3.196      1.165      3.385      0.961      2.191      1.536      3.334      2.857      2.933      0.921      2.867      3.034      0.940      2.715      2.489      3.166      3.440      2.322      2.489      1.258      1.671      1.411      2.860      4.273      1.699      1.704      1.825      0.697      1.415      0.975      2.582      2.000      2.030      2.030      0.321
     1.490      3.104      1.944      3.331      2.187      1.404      0.571      2.232      2.557      2.536      0.000      1.833      3.862      1.529      2.227      3.574      4.429      2.451      0.048      2.494      2.893      1.917      1.258      0.857      2.162      1.936      2.564      3.502      1.564      3.182      2.640      2.127      0.425      2.543      2.984      1.788      1.651      4.269      1.638      1.329      2.871      2.794      3.154      2.363      2.750      1.213      1.920      3.083      7.363      4.379      2.257      1.028      3.694      3.251      1.474      0.761      2.936      0.927      2.377      3.331      1.047      1.333      3.793      1.002      1.747      1.884      3.389      2.767      1.890      1.914      2.767      1.769      2.552      1.899      0.409      1.802      3.393      2.066      3.178      1.473      4.594      0.809      2.629      4.466      3.668      3.096      1.904      2.871      3.484      3.334      2.341      3.986      2.316      2.301      2.581      3.076      4.210      0.922      2.313      2.313      2.794
     2.784      4.636      3.497      5.158      2.111      1.161      1.266      4.065      4.188      3.721      1.833      0.000      5.321      1.304      4.057      5.402      5.935      1.341      1.852      1.318      2.875      0.914      2.901      2.549      3.444      3.584      4.381      2.888      3.203      4.124      3.595      1.673      2.193      3.771      4.792      2.631      0.268      5.905      3.471      2.151      4.345      2.134      4.986      3.800      4.514      3.033      0.724      3.855      5.554      5.974      2.718      1.699      5.401      4.714      1.398      1.100      4.731      2.584      3.981      5.163      1.269      2.748      5.123      2.834      1.960      0.722      5.222      4.344      0.558      2.801      4.559      3.498      1.455      1.189      1.598      3.305      2.951      1.164      4.572      1.061      6.105      1.106      4.400      5.955      5.415      3.671      2.266      3.308      5.298      5.023      4.087      5.388      2.468      3.187      4.247      3.823      5.879      2.722      2.312      2.312      4.035
     2.538      0.782      1.918      3.120      3.824      4.242      4.322      2.701      4.253      1.691      3.862      5.321      0.000      5.391      2.603      2.545      0.629      5.004      3.818      6.311      3.683      4.788      2.608      3.009      1.887      4.036      3.160      4.729      2.311      1.804      2.038      5.984      3.813      1.612      2.102      2.800      5.060      1.001      2.904      3.198      0.994      4.580      2.892      1.529      1.777      3.335      5.681      2.216     10.169      0.876      3.068      4.834      1.242      0.615      5.334      4.521      3.477      2.935      4.286      2.673      4.054      2.602      0.503      3.274      5.524      5.648      2.756      1.140      5.034      2.645      1.982      2.236      5.025      4.537      4.270      2.070      4.426      4.717      0.760      4.361      0.799      4.608      3.605      0.638      1.534      2.620      3.362      2.920      2.221      4.307      1.882      0.247      3.495      2.373      1.462      2.271      1.156      3.062      3.705      3.705      1.377
     2.964      4.632      3.473      4.464      3.016      1.961      1.139      3.512      3.202      4.009      1.529      1.304      5.391      0.000      3.537      4.853      5.957      2.584      1.574      1.069      3.809      2.065      2.786      2.384      3.654      2.657      3.674      4.056      3.090      4.589      4.038      0.616      1.657      4.028      4.354      3.095      1.374      5.771      2.945      2.577      4.400      3.285      4.343      3.887      4.191      2.431      0.773      4.421      6.547      5.893      3.406      0.686      5.168      4.780      0.118      0.977      3.941      2.457      2.983      4.576      1.802      2.835      5.312      2.327      0.656      0.743      4.616      4.292      1.780      3.251      4.171      3.262      2.702      2.258      1.122      3.328      4.063      2.315      4.702      1.928      6.120      0.863      3.576      5.994      5.111      4.344      2.967      4.042      4.824      4.058      3.809      5.513      3.295      3.658      4.087      4.402      5.699      2.393      3.201      3.201      4.287
     2.019      1.893      1.450      1.209      3.679      3.383      2.798      0.103      1.657      2.385      2.227      4.057      2.603      3.537      0.000      1.348      2.957      4.437      2.206      4.595      4.072      3.979      1.432      1.609      2.085      1.465      0.676      5.006      1.294      3.125      2.812      4.024      1.920      2.307      0.833      2.664      3.861      2.513      0.598      2.621      1.916      4.477      0.982      1.802      0.860      1.106      4.098      3.317      9.549      2.709      3.252      2.862      1.820      2.163      3.442      2.983      1.112      1.618      1.683      1.110      3.043      1.847      2.831      1.240      3.416      4.061      1.175      1.580      4.045      2.640      0.723      0.916      4.514      3.860      2.532      1.583      4.788      4.053      2.280      3.489      3.084      3.015      1.077      3.023      1.673      3.583      3.192      3.606      1.287      1.892      0.769      2.824      3.570      2.766      1.197      3.347      2.377      1.353      3.695      3.695      2.394
     3.149      2.144      2.410      0.702      4.848      4.682      4.146      1.352      2.322      3.146      3.574      5.402      2.545      4.853      1.348      0.000      2.605      5.715      3.553      5.919      5.114      5.284      2.663      2.914      2.971      2.468      1.273      6.114      2.440      3.761      3.620      5.309      3.262      3.047      0.716      3.760      5.202      1.944      1.943      3.831      2.362      5.665      0.610      2.554      1.172      2.431      5.439      4.062     10.874      2.197      4.306      4.171      1.333      2.402      4.754      4.331      1.288      2.908      2.463      0.305      4.354      3.022      2.960      2.586      4.671      5.402      0.319      2.018      5.372      3.694      0.992      2.054      5.785      5.143      3.877      2.604      5.867      5.339      2.622      4.793      2.668      4.362      1.605      2.686      1.042      4.403      4.341      4.526      0.326      1.994      1.547      2.792      4.676      3.705      1.731      4.105      1.740      2.688      4.830      4.830      3.021
     3.151      1.326      2.491      3.253      4.451      4.866      4.908      3.048      4.565      2.320      4.429      5.935      0.629      5.957      2.957      2.605      0.000      5.634      4.387      6.898      4.288      5.416      3.171      3.573      2.511      4.420      3.437      5.327      2.866      2.381      2.657      6.541      4.350      2.241      2.320      3.430      5.676      0.712      3.340      3.821      1.592      5.201      3.054      2.135      2.099      3.805      6.276      2.798     10.794      0.470      3.692      5.378      1.285      1.221      5.894      5.108      3.696      3.503      4.624      2.793      4.670      3.202      1.025      3.774      6.055      6.243      2.865      1.666      5.658      3.274      2.270      2.741      5.654      5.165      4.834      2.658      5.022      5.346      1.388      4.985      0.171      5.192      3.879      0.083      1.566      3.200      3.991      3.518      2.299      4.507      2.306      0.672      4.118      3.000      1.924      2.854      0.924      3.594      4.329      4.329      2.005
     2.658      4.447      3.455      5.631      1.229      1.070      2.036      4.475      5.007      3.314      2.451      1.341      5.004      2.584      4.437      5.715      5.634      0.000      2.443      2.604      1.804      0.561      3.052      2.828      3.161      4.386      4.915      1.565      3.297      3.478      3.031      3.011      2.876      3.393      5.031      2.214      1.211      5.766      3.919      1.930      4.120      0.855      5.417      3.602      4.659      3.607      2.063      3.122      5.232      5.778      1.998      2.797      5.392      4.444      2.658      1.983      5.323      2.820      4.823      5.527      1.430      2.729      4.695      3.359      3.224      2.062      5.601      4.230      0.806      2.362      4.766      3.669      0.118      0.578      2.429      3.243      1.671      0.389      4.248      0.982      5.803      2.060      5.047      5.636      5.478      2.833      1.644      2.439      5.540      5.781      4.227      5.010      1.611      2.649      4.253      3.077      5.789      3.112      1.401      1.401      3.631
     1.442      3.061      1.900      3.318      2.157      1.391      0.596      2.213      2.568      2.488      0.048      1.852      3.818      1.574      2.206      3.553      4.387      2.443      0.000      2.532      2.857      1.913      1.215      0.814      2.114      1.948      2.554      3.476      1.522      3.134      2.593      2.172      0.439      2.495      2.958      1.742      1.665      4.230      1.619      1.286      2.826      2.772      3.138      2.317      2.717      1.205      1.954      3.036      7.375      4.339      2.216      1.076      3.658      3.206      1.520      0.789      2.930      0.884      2.391      3.311      1.031      1.286      3.747      0.987      1.795      1.918      3.371      2.725      1.895      1.868      2.738      1.732      2.543      1.887      0.455      1.756      3.364      2.057      3.133      1.463      4.551      0.842      2.627      4.423      3.635      3.051      1.866      2.828      3.458      3.339      2.307      3.941      2.279      2.254      2.542      3.029      4.173      0.891      2.280      2.280      2.746
     3.805      5.574      4.408      5.533      3.418      2.412      1.990      4.574      4.229      4.820      2.494      1.318      6.311      1.069      4.595      5.919      6.898      2.604      2.532      0.000      4.190      2.231      3.738      3.342      4.496      3.707      4.744      4.168      4.048      5.313      4.768      0.822      2.693      4.854      5.405      3.797      1.551      6.763      4.000      3.285      5.317      3.433      5.412      4.785      5.221      3.492      0.665      5.083      5.647      6.869      3.976      1.755      6.183      5.696      1.176      1.790      5.005      3.404      4.009      5.644      2.407      3.713      6.182      3.372      1.473      0.691      5.685      5.247      1.869      3.964      5.213      4.261      2.709      2.506      2.110      4.242      4.254      2.477      5.593      2.331      7.065      1.707      4.637      6.930      6.142      4.935      3.520      4.587      5.882      5.083      4.825      6.412      3.763      4.367      5.074      5.055      6.703      3.400      3.618      3.618      5.118
     2.057      3.333      2.708      5.254      0.794      1.851      2.819      4.145      5.190      2.101      2.893      2.875      3.683      3.809      4.072      5.114      4.288      1.804      2.857      4.190      0.000      1.977      2.686      2.708      2.159      4.616      4.698      1.053      2.778      1.930      1.664      4.369      3.249      2.201      4.399      1.412      2.641      4.594      3.735      1.628      3.004      1.047      5.003      2.609      3.948      3.655      3.556      1.519      6.569      4.539      0.821      3.711      4.405      3.231      3.839      2.900      5.144      2.645      5.060      5.012      2.039      2.248      3.275      3.398      4.341      3.541      5.100      3.241      2.341      1.436      4.124      3.161      1.755      1.688      3.120      2.526      0.767      1.753      2.991      1.899      4.447      3.014      4.974      4.271      4.574      1.147      1.001      0.778      4.862      5.802      3.574      3.621      0.579      1.434      3.417      1.465      4.673      3.042      0.611      0.611      2.361
     2.330      4.175      3.113      5.157      1.245      0.604      1.479      4.009      4.465      3.118      1.917      0.914      4.788      2.065      3.979      5.284      5.416      0.561      1.913      2.231      1.977      0.000      2.639      2.373      2.908      3.844      4.424      2.002      2.906      3.401      2.906      2.534      2.339      3.186      4.616      1.996      0.718      5.484      3.439      1.610      3.858      1.236      4.953      3.322      4.270      3.097      1.628      3.089      5.600      5.518      1.934      2.240      5.060      4.204      2.131      1.422      4.821      2.377      4.277      5.081      0.936      2.364      4.525      2.856      2.692      1.620      5.152      3.926      0.364      2.159      4.359      3.261      0.675      0.299      1.872      2.905      2.044      0.255      4.029      0.492      5.586      1.500      4.533      5.426      5.123      2.857      1.509      2.477      5.128      5.251      3.836      4.821      1.623      2.503      3.906      3.050      5.489      2.635      1.444      1.444      3.439
     0.645      1.846      0.692      2.641      2.248      2.035      1.756      1.491      2.573      1.462      1.258      2.901      2.608      2.786      1.432      2.663      3.171      3.052      1.215      3.738      2.686      2.639      0.000      0.402      1.070      2.062      2.020      3.583      0.311      2.205      1.732      3.377      1.231      1.436      1.980      1.278      2.666      3.034      1.051      1.190      1.622      3.045      2.407      1.140      1.637      1.087      3.136      2.243      8.239      3.132      1.877      2.233      2.501      2.000      2.727      1.959      2.464      0.334      2.477      2.486      1.728      0.439      2.570      0.881      2.934      3.101      2.564      1.510      2.767      1.294      1.721      0.622      3.122      2.482      1.664      0.583      3.377      2.679      1.946      2.149      3.336      2.033      2.289      3.208      2.519      2.402      1.767      2.327      2.491      3.123      1.203      2.741      2.158      1.533      1.353      2.256      2.991      0.538      2.271      2.271      1.654
     0.819      2.248      1.092      2.804      2.168      1.775      1.368      1.646      2.482      1.789      0.857      2.549      3.009      2.384      1.609      2.914      3.573      2.828      0.814      3.342      2.708      2.373      0.402      0.000      1.398      1.919      2.113      3.526      0.708      2.501      1.994      2.975      0.855      1.776      2.262      1.354      2.325      3.423      1.108      1.105      2.021      2.926      2.588      1.529      1.964      0.947      2.748      2.487      7.961      3.527      1.935      1.836      2.870      2.400      2.325      1.570      2.541      0.091      2.357      2.708      1.440      0.608      2.962      0.694      2.543      2.712      2.779      1.911      2.462      1.418      2.018      0.951      2.908      2.251      1.262      0.966      3.348      2.444      2.340      1.882      3.737      1.640      2.313      3.610      2.869      2.593      1.732      2.460      2.774      3.120      1.538      3.140      2.148      1.731      1.736      2.492      3.373      0.335      2.225      2.225      2.010
     0.693      1.287      0.635      3.187      2.050      2.355      2.532      2.176      3.530      0.393      2.162      3.444      1.887      3.654      2.085      2.971      2.511      3.161      2.114      4.496      2.159      2.908      1.070      1.398      0.000      3.077      2.757      3.189      0.923      1.142      0.732      4.266      2.251      0.382      2.260      0.950      3.180      2.606      1.950      1.311      0.959      2.857      2.928      0.462      1.800      2.130      3.848      1.246      8.378      2.618      1.379      3.187      2.290      1.296      3.615      2.722      3.197      1.308      3.465      2.895      2.175      0.829      1.689      1.946      3.905      3.817      2.986      1.109      3.147      0.819      1.989      1.198      3.194      2.666      2.564      0.546      2.922      2.852      1.131      2.475      2.682      2.821      3.117      2.525      2.432      1.499      1.549      1.561      2.708      3.955      1.458      1.944      1.788      0.734      1.259      1.271      2.639      1.607      1.975      1.975      0.633
     2.688      3.289      2.505      1.921      4.013      3.339      2.391      1.380      0.621      3.451      1.936      3.584      4.036      2.657      1.465      2.468      4.420      4.386      1.948      3.707      4.616      3.844      2.062      1.919      3.077      0.000      1.195      5.367      2.154      4.215      3.781      2.990      1.511      3.400      2.225      3.271      3.469      3.971      1.177      2.991      3.240      4.697      1.875      2.964      2.325      0.982      3.370      4.297      9.118      4.172      3.854      1.993      3.272      3.543      2.542      2.510      1.329      1.991      0.449      2.164      2.979      2.470      4.208      1.225      2.313      3.335      2.174      2.946      3.775      3.322      2.179      1.956      4.488      3.835      2.010      2.532      5.219      4.002      3.613      3.409      4.549      2.482      0.952      4.485      3.096      4.464      3.624      4.367      2.558      1.439      2.156      4.245      4.046      3.594      2.584      4.312      3.825      1.593      4.100      4.100      3.563
     2.641      2.502      2.122      0.791      4.256      3.847      3.118      0.582      1.138      3.062      2.564      4.381      3.160      3.674      0.676      1.273      3.437      4.915      2.554      4.744      4.698      4.424      2.020      2.113      2.757      1.195      0.000      5.601      1.931      3.801      3.486      4.089      2.189      2.983      1.129      3.286      4.213      2.902      1.005      3.188      2.562      5.033      0.689      2.478      1.385      1.351      4.316      3.992      9.926      3.126      3.881      2.988      2.202      2.778      3.568      3.284      0.447      2.143      1.235      0.970      3.492      2.453      3.438      1.573      3.433      4.279      0.984      2.214      4.445      3.277      1.181      1.573      5.001      4.339      2.796      2.245      5.397      4.527      2.917      3.944      3.546      3.292      0.445      3.510      1.984      4.253      3.785      4.264      1.379      1.220      1.420      3.393      4.178      3.427      1.831      4.022      2.734      1.807      4.289      4.289      3.067
     2.992      4.385      3.704      6.206      1.360      2.189      3.267      5.071      5.969      3.152      3.502      2.888      4.729      4.056      5.006      6.114      5.327      1.565      3.476      4.168      1.053      2.002      3.583      3.526      3.189      5.367      5.601      0.000      3.722      2.953      2.717      4.536      3.905      3.252      5.398      2.359      2.719      5.646      4.610      2.423      4.054      0.771      5.962      3.645      4.957      4.450      3.612      2.536      5.616      5.588      1.815      4.133      5.452      4.285      4.114      3.286      6.042      3.479      5.816      5.993      2.495      3.159      4.308      4.189      4.665      3.608      6.080      4.283      2.333      2.420      5.122      4.113      1.462      1.801      3.629      3.511      0.312      1.748      4.043      2.178      5.483      3.388      5.837      5.307      5.615      2.143      1.816      1.809      5.874      6.645      4.568      4.657      1.442      2.476      4.442      2.481      5.726      3.858      1.312      1.312      3.414
     0.730      1.543      0.413      2.485      2.417      2.303      2.067      1.368      2.615      1.300      1.564      3.203      2.311      3.090      1.294      2.440      2.866      3.297      1.522      4.048      2.778      2.906      0.311      0.708      0.923      2.154      1.931      3.722      0.000      2.062      1.638      3.677      1.508      1.255      1.740      1.371      2.965      2.724      1.040      1.391      1.333      3.229      2.240      0.886      1.365      1.217      3.447      2.155      8.504      2.821      1.958      2.524      2.198      1.708      3.028      2.269      2.378      0.644      2.544      2.286      2.011      0.582      2.298      1.060      3.218      3.412      2.369      1.203      3.051      1.348      1.471      0.393      3.360      2.734      1.968      0.379      3.498      2.931      1.671      2.420      3.030      2.344      2.249      2.905      2.227      2.362      1.918      2.339      2.246      3.090      0.932      2.452      2.282      1.510      1.046      2.175      2.683      0.771      2.417      2.417      1.445
     1.706      1.669      1.726      4.115      2.249      2.965      3.450      3.223      4.650      0.765      3.182      4.124      1.804      4.589      3.125      3.761      2.381      3.478      3.134      5.313      1.930      3.401      2.205      2.501      1.142      4.215      3.801      2.953      2.062      0.000      0.551      5.205      3.337      0.827      3.099      1.517      3.856      2.773      3.072      2.033      1.403      2.907      3.854      1.323      2.634      3.272      4.649      0.417      8.490      2.678      1.483      4.204      2.745      1.476      4.569      3.619      4.225      2.410      4.595      3.756      2.907      1.898      1.358      3.085      4.922      4.622      3.850      1.744      3.713      1.351      2.855      2.298      3.472      3.114      3.562      1.683      2.645      3.265      1.221      3.071      2.534      3.729      4.190      2.357      2.976      0.819      1.893      1.152      3.456      5.017      2.406      1.709      1.873      0.946      2.067      0.473      2.889      2.739      2.088      2.088      0.751
     1.182      1.682      1.365      3.889      1.816      2.441      2.899      2.905      4.252      0.477      2.640      3.595      2.038      4.038      2.812      3.620      2.657      3.031      2.593      4.768      1.664      2.906      1.732      1.994      0.732      3.781      3.486      2.717      1.638      0.551      0.000      4.654      2.813      0.578      2.924      0.972      3.327      2.930      2.674      1.485      1.361      2.545      3.628      1.070      2.455      2.816      4.105      0.518      8.139      2.881      1.045      3.660      2.767      1.568      4.018      3.068      3.924      1.904      4.180      3.572      2.365      1.385      1.675      2.612      4.376      4.078      3.665      1.640      3.204      0.804      2.660      1.929      3.037      2.626      3.016      1.270      2.424      2.788      1.327      2.551      2.821      3.178      3.848      2.648      2.958      0.787      1.404      0.943      3.337      4.686      2.155      2.005      1.465      0.408      1.889      0.540      3.010      2.254      1.679      1.679      0.698
     3.577      5.220      4.067      4.869      3.575      2.519      1.755      3.990      3.475      4.624      2.127      1.673      5.984      0.616      4.024      5.309      6.541      3.011      2.172      0.822      4.369      2.534      3.377      2.975      4.266      2.990      4.089      4.536      3.677      5.205      4.654      0.000      2.207      4.642      4.853      3.708      1.817      6.331      3.444      3.189      4.996      3.770      4.771      4.489      4.723      2.924      0.973      5.032      6.469      6.461      4.004      1.180      5.711      5.375      0.653      1.589      4.311      3.051      3.255      5.022      2.394      3.445      5.918      2.852      0.686      0.965      5.055      4.875      2.210      3.865      4.687      3.826      3.126      2.761      1.718      3.928      4.569      2.789      5.305      2.472      6.703      1.477      3.937      6.581      5.638      4.948      3.559      4.638      5.305      4.322      4.356      6.112      3.872      4.273      4.654      5.013      6.250      2.957      3.765      3.765      4.899
     1.632      3.037      1.915      2.969      2.573      1.828      0.934      1.911      2.132      2.640      0.425      2.193      3.813      1.657      1.920      3.262      4.350      2.876      0.439      2.693      3.249      2.339      1.231      0.855      2.251      1.511      2.189      3.905      1.508      3.337      2.813      2.207      0.000      2.630      2.716      2.046      2.034      4.124      1.322      1.641      2.841      3.208      2.807      2.371      2.534      0.845      2.178      3.287      7.743      4.256      2.565      1.031      3.511      3.214      1.577      1.095      2.542      0.944      1.952      3.004      1.470      1.440      3.800      0.682      1.711      2.141      3.056      2.686      2.298      2.151      2.521      1.620      2.978      2.324      0.616      1.812      3.784      2.492      3.175      1.899      4.509      1.108      2.223      4.393      3.455      3.345      2.250      3.156      3.200      2.912      2.153      3.959      2.669      2.512      2.449      3.287      4.046      0.755      2.686      2.686      2.866
     1.065      1.133      0.901      3.339      2.226      2.657      2.902      2.403      3.824      0.102      2.543      3.771      1.612      4.028      2.307      3.047      2.241      3.393      2.495      4.854      2.201      3.186      1.436      1.776      0.382      3.400      2.983      3.252      1.255      0.827      0.578      4.642      2.630      0.000      2.355      1.191      3.506      2.424      2.248      1.622      0.802      3.006      3.078      0.514      1.886      2.472      4.202      1.029      8.575      2.403      1.491      3.568      2.205      1.066      3.992      3.089      3.412      1.687      3.773      3.008      2.505      1.210      1.352      2.302      4.286      4.172      3.101      1.063      3.446      1.034      2.096      1.471      3.415      2.928      2.943      0.878      2.968      3.107      0.856      2.774      2.411      3.190      3.367      2.246      2.387      1.356      1.752      1.513      2.761      4.197      1.610      1.635      1.918      0.791      1.318      1.067      2.485      1.973      2.121      2.121      0.265
     2.439      1.554      1.694      1.050      4.137      4.012      3.553      0.885      2.266      2.452      2.984      4.792      2.102      4.354      0.833      0.716      2.320      5.031      2.958      5.405      4.399      4.616      1.980      2.262      2.260      2.225      1.129      5.398      1.740      3.099      2.924      4.853      2.716      2.355      0.000      3.046      4.579      1.775      1.410      3.131      1.720      4.955      0.803      1.854      0.469      1.929      4.887      3.379     10.215      1.998      3.589      3.685      1.073      1.828      4.262      3.746      1.384      2.246      2.350      0.657      3.694      2.320      2.447      2.034      4.249      4.850      0.751      1.363      4.724      2.978      0.276      1.362      5.097      4.462      3.319      1.889      5.151      4.659      2.020      4.125      2.422      3.788      1.564      2.394      0.871      3.709      3.629      3.819      0.512      2.209      0.832      2.344      3.960      2.994      1.039      3.420      1.612      2.071      4.116      4.116      2.351
     0.646      2.237      1.357      3.855      1.116      1.487      1.962      2.735      3.821      1.122      1.788      2.631      2.800      3.095      2.664      3.760      3.430      2.214      1.742      3.797      1.412      1.996      1.278      1.354      0.950      3.271      3.286      2.359      1.371      1.517      0.972      3.708      2.046      1.191      3.046      0.000      2.362      3.556      2.329      0.520      1.907      1.935      3.607      1.402      2.615      2.292      3.133      1.327      7.428      3.563      0.599      2.773      3.222      2.231      3.083      2.119      3.733      1.280      3.706      3.635      1.393      0.839      2.531      2.046      3.478      3.106      3.721      2.044      2.267      0.170      2.770      1.759      2.245      1.737      2.127      1.157      2.127      1.917      2.041      1.601      3.600      2.232      3.568      3.436      3.342      1.308      0.606      1.115      3.530      4.400      2.214      2.825      0.917      0.571      2.129      1.311      3.588      1.678      1.072      1.072      1.443
