     0.000    573.000    302.000    199.000    275.000    144.000    326.000    308.000    131.000    398.000    411.000    417.000    411.000    472.000    515.000    302.000    423.000    497.000    266.000    317.000    210.000    177.000     42.000    471.000    286.000    279.000     76.000    296.000    319.000    222.000    168.000    198.000    208.000    220.000     70.000     27.000    465.000    261.000    524.000    303.000    485.000    489.000    280.000    491.000     61.000    384.000    352.000    110.000    313.000    320.000    117.000    148.000    184.000    154.000    570.000     78.000    382.000    253.000     93.000    329.000    233.000    441.000    436.000    467.000    143.000    222.000    509.000    326.000    225.000    354.000    128.000    465.000    240.000    336.000    405.000    343.000    528.000    320.000    360.000    161.000    538.000    434.000    439.000    385.000    258.000    176.000    486.000    127.000    253.000    292.000    363.000    154.000    352.000     70.000    398.000    523.000    504.000    490.000    503.000    503.000    253.000
   573.000      0.000    271.000    393.000    433.000    496.000    448.000    394.000    498.000    218.000    182.000    158.000    391.000    146.000    291.000    313.000    152.000    141.000    450.000    445.000    409.000    468.000    558.000    201.000    305.000    315.000    510.000    320.000    269.000    357.000    505.000    410.000    373.000    357.000    505.000    549.000    108.000    324.000    145.000    473.000    187.000    203.000    472.000    113.000    559.000    353.000    266.000    509.000    357.000    349.000    511.000    605.000    410.000    543.000     53.000    515.000    200.000    495.000    498.000    248.000    340.000    166.000    205.000    113.000    488.000    354.000    386.000    439.000    491.000    264.000    468.000    205.000    334.000    258.000    201.000    397.000     52.000    256.000    232.000    442.000    139.000    139.000    137.000    195.000    460.000    457.000    239.000    608.000    420.000    421.000    235.000    429.000    256.000    611.000    209.000    148.000    378.000    260.000    109.000    109.000    323.000
   302.000    271.000      0.000    141.000    238.000    236.000    282.000    221.000    235.000    143.000    119.000    116.000    291.000    191.000    306.000    104.000    125.000    219.000    251.000    274.000    172.000    214.000    289.000    219.000     69.000     95.000    242.000    126.000     57.000     99.000    252.000    165.000    114.000     96.000    234.000    278.000    163.000     70.000    249.000    291.000    226.000    237.000    278.000    202.000    293.000    242.000    109.000    249.000    188.000    166.000    246.000    353.000    157.000    296.000    273.000    249.000     86.000    270.000    233.000     51.000     70.000    163.000    182.000    169.000    226.000     83.000    355.000    274.000    256.000    111.000    200.000    215.000     64.000     93.000    139.000    248.000    226.000     26.000     82.000    179.000    261.000    132.000    137.000     87.000    239.000    213.000    253.000    351.000    212.000    238.000    108.000    166.000     98.000    344.000    135.000    249.000    347.000    269.000    214.000    214.000     54.000
   199.000    393.000    141.000      0.000    129.000    208.000    184.000    137.000    198.000    200.000    261.000    251.000    239.000    277.000    321.000    206.000    241.000    301.000    134.000    174.000     40.000    209.000    172.000    272.000    171.000     82.000    125.000     97.000    186.000     42.000    236.000     26.000     28.000     47.000    148.000    183.000    292.000    149.000    327.000    179.000    286.000    289.000    160.000    300.000    169.000    201.000    237.000    115.000    127.000    258.000    201.000    214.000     17.000    155.000    382.000    127.000    228.000    295.000    110.000    145.000     80.000    247.000    237.000    281.000    198.000    105.000    329.000    179.000    270.000    239.000    157.000    266.000    109.000    141.000    210.000    175.000    355.000    167.000    222.000    161.000    341.000    259.000    271.000    228.000    275.000     72.000    287.000    215.000     97.000    137.000    168.000     45.000    229.000    221.000    202.000    325.000    323.000    293.000    311.000    311.000    121.000
   275.000    433.000    238.000    129.000      0.000    329.000     56.000     44.000    317.000    214.000    347.000    322.000    138.000    292.000    262.000    325.000    291.000    309.000     18.000     46.000     90.000    335.000    235.000    259.000    288.000    144.000    202.000    121.000    294.000    158.000    358.000    106.000    153.000    167.000    250.000    270.000    349.000    270.000    327.000     52.000    277.000    272.000     40.000    323.000    222.000    121.000    347.000    165.000     76.000    382.000    317.000    209.000    127.000    149.000    406.000    198.000    314.000    423.000    185.000    215.000    199.000    267.000    236.000    322.000    320.000    231.000    236.000     53.000    397.000    348.000    279.000    253.000    231.000    183.000    232.000     71.000    407.000    264.000    320.000    288.000    340.000    319.000    338.000    311.000    404.000    100.000    253.000    223.000     31.000     18.000    200.000    157.000    336.000    264.000    223.000    324.000    232.000    249.000    331.000    331.000    239.000
   144.000    496.000    236.000    208.000    329.000      0.000    386.000    345.000     14.000    368.000    318.000    338.000    448.000    427.000    516.000    190.000    361.000    454.000    328.000    376.000    241.000     36.000    169.000    446.000    191.000    262.000    155.000    292.000    227.000    203.000     29.000    225.000    196.000    196.000     97.000    119.000    389.000    172.000    484.000    373.000    456.000    465.000    350.000    438.000    187.000    408.000    243.000    198.000    334.000    189.000     27.000    281.000    204.000    263.000    507.000    166.000    296.000    111.000    167.000    280.000    186.000    398.000    408.000    404.000      9.000    155.000    536.000    382.000     83.000    245.000     50.000    441.000    173.000    306.000    369.000    383.000    446.000    243.000    266.000     57.000    496.000    361.000    359.000    301.000    113.000    235.000    473.000    263.000    299.000    341.000    330.000    172.000    248.000    214.000    363.000    483.000    530.000    483.000    451.000    451.000    181.000
   326.000    448.000    282.000    184.000     56.000    386.000      0.000     62.000    374.000    231.000    383.000    354.000    100.000    304.000    241.000    375.000    317.000    315.000     60.000     10.000    146.000    391.000    285.000    260.000    337.000    187.000    256.000    158.000    339.000    211.000    415.000    162.000    207.000    220.000    305.000    323.000    375.000    320.000    329.000     32.000    278.000    269.000     50.000    335.000    270.000    105.000    392.000    216.000     99.000    433.000    373.000    242.000    184.000    188.000    416.000    250.000    352.000    479.000    238.000    252.000    251.000    282.000    244.000    341.000    377.000    284.000    196.000      9.000    453.000    393.000    335.000    255.000    282.000    214.000    250.000     52.000    429.000    308.000    362.000    344.000    342.000    347.000    368.000    348.000    460.000    155.000    244.000    260.000     87.000     47.000    226.000    213.000    380.000    308.000    242.000    326.000    194.000    235.000    342.000    342.000    290.000
   308.000    394.000    221.000    137.000     44.000    345.000     62.000      0.000    335.000    175.000    321.000    292.000    104.000    251.000    219.000    316.000    257.000    266.000     62.000     55.000    104.000    347.000    270.000    215.000    278.000    125.000    233.000     95.000    278.000    157.000    373.000    121.000    156.000    165.000    274.000    299.000    315.000    262.000    283.000     79.000    233.000    227.000     78.000    282.000    259.000     79.000    331.000    200.000     38.000    375.000    336.000    253.000    141.000    191.000    365.000    229.000    289.000    432.000    215.000    190.000    194.000    227.000    194.000    284.000    336.000    229.000    201.000     53.000    407.000    332.000    295.000    209.000    225.000    152.000    193.000     37.000    371.000    246.000    300.000    299.000    297.000    287.000    307.000    286.000    410.000    131.000    208.000    266.000     55.000     28.000    166.000    174.000    319.000    303.000    185.000    280.000    196.000    204.000    290.000    290.000    232.000
   131.000    498.000    235.000    198.000    317.000     14.000    374.000    335.000      0.000    363.000    321.000    339.000    438.000    424.000    509.000    196.000    360.000    452.000    316.000    364.000    231.000     47.000    155.000    441.000    193.000    256.000    141.000    285.000    229.000    196.000     43.000    214.000    188.000    189.000     83.000    105.000    390.000    174.000    482.000    360.000    452.000    460.000    338.000    437.000    172.000    399.000    249.000    184.000    325.000    198.000     15.000    266.000    193.000    249.000    507.000    152.000    298.000    126.000    153.000    277.000    182.000    395.000    404.000    404.000     13.000    153.000    528.000    371.000     97.000    251.000     41.000    437.000    171.000    301.000    365.000    373.000    448.000    244.000    269.000     56.000    494.000    362.000    361.000    303.000    127.000    222.000    467.000    249.000    288.000    330.000    326.000    161.000    252.000    200.000    360.000    481.000    521.000    477.000    449.000    449.000    180.000
   398.000    218.000    143.000    200.000    214.000    368.000    231.000    175.000    363.000      0.000    181.000    140.000    191.000     80.000    164.000    243.000     91.000    101.000    232.000    227.000    203.000    351.000    372.000     78.000    211.000    118.000    325.000    109.000    188.000    176.000    387.000    209.000    190.000    180.000    339.000    379.000    147.000    213.000    127.000    254.000     89.000     97.000    253.000    108.000    369.000    145.000    229.000    313.000    138.000    303.000    372.000    399.000    216.000    335.000    193.000    328.000    158.000    413.000    310.000     92.000    181.000     53.000     40.000    110.000    358.000    212.000    227.000    221.000    398.000    229.000    324.000     73.000    196.000     62.000     19.000    181.000    197.000    153.000    186.000    310.000    141.000    124.000    147.000    152.000    383.000    251.000    110.000    405.000    203.000    203.000     37.000    243.000    214.000    421.000     13.000    125.000    219.000    126.000    118.000    118.000    191.000
   411.000    182.000    119.000    261.000    347.000    318.000    383.000    321.000    321.000    181.000      0.000     44.000    367.000    176.000    335.000    131.000     98.000    199.000    361.000    376.000    290.000    288.000    404.000    230.000    128.000    203.000    358.000    226.000     93.000    219.000    325.000    284.000    234.000    216.000    341.000    385.000     83.000    150.000    226.000    397.000    229.000    245.000    388.000    166.000    409.000    319.000     84.000    368.000    284.000    169.000    335.000    472.000    277.000    416.000    205.000    365.000     33.000    313.000    350.000    131.000    188.000    162.000    204.000    122.000    310.000    189.000    408.000    374.000    308.000     82.000    295.000    229.000    172.000    170.000    165.000    341.000    130.000     95.000     52.000    266.000    232.000     72.000     54.000     35.000    278.000    333.000    275.000    470.000    323.000    342.000    164.000    285.000     74.000    459.000    168.000    227.000    399.000    295.000    176.000    176.000    158.000
   417.000    158.000    116.000    251.000    322.000    338.000    354.000    292.000    339.000    140.000     44.000      0.000    330.000    131.000    290.000    160.000     53.000    154.000    338.000    348.000    275.000    311.000    406.000    186.000    147.000    183.000    359.000    201.000    111.000    211.000    348.000    272.000    227.000    209.000    349.000    393.000     50.000    165.000    182.000    371.000    184.000    200.000    363.000    122.000    409.000    282.000    120.000    363.000    255.000    206.000    352.000    465.000    268.000    406.000    171.000    365.000     43.000    345.000    349.000    109.000    187.000    118.000    160.000     80.000    329.000    196.000    366.000    344.000    338.000    120.000    309.000    185.000    177.000    140.000    123.000    309.000    110.000     98.000     79.000    283.000    189.000     28.000     21.000     37.000    311.000    320.000    230.000    465.000    301.000    316.000    129.000    281.000    108.000    460.000    127.000    183.000    357.000    251.000    133.000    133.000    165.000
   411.000    391.000    291.000    239.000    138.000    448.000    100.000    104.000    438.000    191.000    367.000    330.000      0.000    246.000    145.000    394.000    283.000    250.000    150.000    105.000    209.000    446.000    373.000    190.000    356.000    204.000    337.000    170.000    348.000    251.000    475.000    225.000    253.000    259.000    379.000    404.000    337.000    345.000    256.000    133.000    207.000    194.000    149.000    278.000    360.000     49.000    398.000    302.000    114.000    455.000    440.000    342.000    245.000    284.000    351.000    333.000    340.000    528.000    319.000    247.000    283.000    233.000    188.000    296.000    438.000    320.000     98.000     95.000    505.000    399.000    397.000    186.000    312.000    203.000    210.000     68.000    382.000    312.000    360.000    399.000    268.000    315.000    339.000    335.000    504.000    235.000    162.000    358.000    158.000    120.000    203.000    278.000    384.000    402.000    204.000    253.000     95.000    148.000    282.000    282.000    316.000
   472.000    146.000    191.000    277.000    292.000    427.000    304.000    251.000    424.000     80.000    176.000    131.000    246.000      0.000    167.000    275.000     80.000     27.000    310.000    300.000    283.000    406.000    449.000     63.000    251.000    195.000    401.000    189.000    220.000    249.000    443.000    288.000    263.000    252.000    410.000    451.000    108.000    260.000     57.000    329.000     55.000     73.000    330.000     32.000    446.000    207.000    246.000    391.000    216.000    330.000    435.000    479.000    293.000    415.000    113.000    404.000    167.000    457.000    387.000    147.000    246.000     30.000     59.000     59.000    417.000    271.000    253.000    294.000    445.000    246.000    388.000     65.000    253.000    136.000     67.000    251.000    138.000    190.000    202.000    369.000     69.000    104.000    126.000    159.000    424.000    331.000    107.000    485.000    283.000    279.000    109.000    319.000    233.000    498.000     75.000     57.000    245.000    129.000     38.000     38.000    245.000
   515.000    291.000    306.000    321.000    262.000    516.000    241.000    219.000    509.000    164.000    335.000    290.000    145.000    167.000      0.000    408.000    236.000    155.000    279.000    243.000    305.000    505.000    482.000    105.000    375.000    253.000    439.000    225.000    353.000    313.000    539.000    317.000    322.000    320.000    469.000    502.000    275.000    374.000    146.000    273.000    111.000     94.000    285.000    192.000    473.000    141.000    392.000    413.000    203.000    468.000    516.000    472.000    333.000    411.000    241.000    438.000    318.000    574.000    422.000    255.000    331.000    172.000    131.000    226.000    506.000    366.000     97.000    233.000    556.000    393.000    469.000    105.000    352.000    216.000    175.000    194.000    299.000    317.000    348.000    460.000    152.000    266.000    290.000    311.000    544.000    344.000     60.000    486.000    272.000    244.000    198.000    365.000    378.000    520.000    175.000    142.000     89.000     39.000    189.000    189.000    350.000
   302.000    313.000    104.000    206.000    325.000    190.000    375.000    316.000    196.000    243.000    131.000    160.000    394.000    275.000    408.000      0.000    198.000    302.000    334.000    366.000    244.000    158.000    304.000    314.000     37.000    192.000    264.000    225.000     55.000    168.000    194.000    233.000    177.000    160.000    232.000    275.000    209.000     56.000    332.000    378.000    319.000    332.000    362.000    277.000    314.000    345.000     52.000    287.000    286.000     61.000    211.000    392.000    217.000    346.000    332.000    273.000    116.000    185.000    261.000    154.000    127.000    252.000    279.000    236.000    183.000    102.000    459.000    367.000    178.000     55.000    176.000    311.000     96.000    197.000    235.000    347.000    261.000     90.000     81.000    144.000    342.000    187.000    179.000    123.000    151.000    274.000    352.000    384.000    295.000    328.000    210.000    209.000     57.000    360.000    233.000    333.000    451.000    369.000    289.000    289.000     86.000
   423.000    152.000    125.000    241.000    291.000    361.000    317.000    257.000    360.000     91.000     98.000     53.000    283.000     80.000    236.000    198.000      0.000    105.000    308.000    311.000    257.000    337.000    406.000    132.000    177.000    163.000    358.000    173.000    144.000    205.000    374.000    258.000    221.000    205.000    357.000    400.000     57.000    189.000    135.000    337.000    130.000    147.000    332.000     79.000    407.000    237.000    166.000    356.000    219.000    251.000    372.000    453.000    258.000    392.000    148.000    363.000     87.000    381.000    346.000     95.000    190.000     64.000    107.000     44.000    351.000    209.000    313.000    307.000    372.000    166.000    326.000    131.000    190.000    110.000     73.000    269.000    117.000    117.000    122.000    304.000    144.000     32.000     56.000     79.000    348.000    305.000    176.000    455.000    274.000    283.000     91.000    277.000    153.000    459.000     78.000    135.000    304.000    197.000     91.000     91.000    180.000
   497.000    141.000    219.000    301.000    309.000    454.000    315.000    266.000    452.000    101.000    199.000    154.000    250.000     27.000    155.000    302.000    105.000      0.000    327.000    313.000    305.000    434.000    473.000     60.000    279.000    219.000    426.000    211.000    247.000    274.000    471.000    311.000    289.000    278.000    436.000    477.000    125.000    287.000     30.000    342.000     45.000     62.000    345.000     37.000    470.000    215.000    272.000    414.000    232.000    356.000    462.000    500.000    317.000    436.000    101.000    429.000    192.000    485.000    412.000    175.000    273.000     56.000     72.000     77.000    445.000    299.000    247.000    306.000    473.000    271.000    415.000     64.000    280.000    161.000     91.000    263.000    144.000    218.000    228.000    396.000     41.000    126.000    147.000    185.000    452.000    353.000     99.000    507.000    301.000    295.000    133.000    343.000    258.000    522.000     99.000     30.000    238.000    121.000     34.000     34.000    273.000
   266.000    450.000    251.000    134.000     18.000    328.000     60.000     62.000    316.000    232.000    361.000    338.000    150.000    310.000    279.000    334.000    308.000    327.000      0.000     50.000     93.000    336.000    226.000    277.000    298.000    158.000    195.000    137.000    305.000    167.000    357.000    109.000    160.000    175.000    245.000    263.000    366.000    278.000    345.000     45.000    295.000    290.000     27.000    341.000    212.000    138.000    358.000    156.000     94.000    390.000    314.000    193.000    130.000    134.000    424.000    190.000    328.000    424.000    178.000    230.000    208.000    285.000    254.000    339.000    319.000    238.000    249.000     60.000    398.000    360.000    278.000    272.000    239.000    199.000    249.000     85.000    424.000    277.000    333.000    289.000    359.000    336.000    354.000    326.000    407.000     95.000    271.000    208.000     39.000     34.000    217.000    157.000    348.000    251.000    241.000    342.000    245.000    266.000    349.000    349.000    248.000
   317.000    445.000    274.000    174.000     46.000    376.000     10.000     55.000    364.000    227.000    376.000    348.000    105.000    300.000    243.000    366.000    311.000    313.000     50.000      0.000    136.000    381.000    276.000    259.000    328.000    178.000    246.000    150.000    330.000    201.000    405.000    152.000    197.000    210.000    295.000    314.000    369.000    311.000    327.000     30.000    276.000    269.000     43.000    332.000    262.000    105.000    383.000    207.000     92.000    423.000    363.000    236.000    173.000    180.000    413.000    241.000    344.000    469.000    229.000    245.000    241.000    278.000    242.000    337.000    367.000    274.000    202.000     10.000    443.000    385.000    325.000    253.000    273.000    207.000    245.000     51.000    424.000    299.000    354.000    334.000    341.000    341.000    362.000    341.000    450.000    145.000    245.000    253.000     77.000     37.000    220.000    203.000    372.000    300.000    238.000    324.000    200.000    236.000    339.000    339.000    280.000
   210.000    409.000    172.000     40.000     90.000    241.000    146.000    104.000    231.000    203.000    290.000    275.000    209.000    283.000    305.000    244.000    257.000    305.000     93.000    136.000      0.000    245.000    177.000    269.000    209.000     93.000    134.000     94.000    221.000     77.000    270.000     16.000     67.000     84.000    170.000    199.000    312.000    188.000    329.000    139.000    284.000    285.000    120.000    308.000    170.000    175.000    273.000    111.000    103.000    297.000    231.000    196.000     37.000    134.000    393.000    133.000    256.000    333.000    117.000    166.000    118.000    254.000    237.000    296.000    232.000    145.000    303.000    141.000    307.000    275.000    191.000    263.000    148.000    150.000    216.000    142.000    374.000    198.000    254.000    198.000    343.000    279.000    294.000    255.000    314.000     48.000    278.000    201.000     58.000    100.000    176.000     69.000    264.000    220.000    208.000    327.000    297.000    281.000    319.000    319.000    159.000
   177.000    468.000    214.000    209.000    335.000     36.000    391.000    347.000     47.000    351.000    288.000    311.000    446.000    406.000    505.000    158.000    337.000    434.000    336.000    381.000    245.000      0.000    198.000    429.000    163.000    253.000    178.000    285.000    199.000    197.000     37.000    229.000    193.000    189.000    122.000    151.000    361.000    147.000    464.000    381.000    439.000    448.000    360.000    415.000    214.000    404.000    211.000    218.000    332.000    153.000     62.000    307.000    207.000    284.000    481.000    189.000    268.000     90.000    186.000    261.000    173.000    378.000    392.000    380.000     33.000    139.000    532.000    387.000     62.000    213.000     62.000    425.000    155.000    291.000    351.000    384.000    417.000    219.000    236.000     47.000    475.000    335.000    331.000    273.000     83.000    246.000    459.000    292.000    304.000    345.000    314.000    179.000    216.000    246.000    346.000    463.000    525.000    471.000    428.000    428.000    161.000
    42.000    558.000    289.000    172.000    235.000    169.000    285.000    270.000    155.000    372.000    404.000    406.000    373.000    449.000    482.000    304.000    406.000    473.000    226.000    276.000    177.000    198.000      0.000    443.000    283.000    254.000     48.000    267.000    314.000    201.000    196.000    167.000    186.000    200.000     77.000     53.000    452.000    258.000    500.000    261.000    458.000    461.000    238.000    470.000     19.000    348.000    352.000     70.000    279.000    330.000    143.000    112.000    156.000    112.000    551.000     44.000    373.000    281.000     62.000    310.000    219.000    418.000    410.000    449.000    166.000    215.000    471.000    286.000    252.000    354.000    141.000    438.000    231.000    313.000    382.000    305.000    515.000    310.000    355.000    173.000    513.000    420.000    427.000    376.000    281.000    139.000    455.000     94.000    215.000    253.000    340.000    130.000    350.000     56.000    374.000    498.000    466.000    459.000    482.000    482.000    245.000
   471.000    201.000    219.000    272.000    259.000    446.000    260.000    215.000    441.000     78.000    230.000    186.000    190.000     63.000    105.000    314.000    132.000     60.000    277.000    259.000    269.000    429.000    443.000      0.000    285.000    192.000    397.000    176.000    259.000    252.000    465.000    277.000    265.000    257.000    415.000    453.000    170.000    289.000     68.000    289.000     17.000     18.000    293.000     92.000    438.000    157.000    293.000    380.000    184.000    372.000    450.000    458.000    287.000    395.000    160.000    399.000    216.000    489.000    382.000    168.000    259.000     68.000     37.000    122.000    436.000    290.000    190.000    251.000    475.000    293.000    402.000      5.000    273.000    140.000     80.000    207.000    200.000    225.000    248.000    388.000     81.000    161.000    184.000    209.000    458.000    315.000     45.000    467.000    256.000    244.000    115.000    316.000    279.000    489.000     83.000     65.000    181.000     66.000     93.000     93.000    269.000
   286.000    305.000     69.000    171.000    288.000    191.000    337.000    278.000    193.000    211.000    128.000    147.000    356.000    251.000    375.000     37.000    177.000    279.000    298.000    328.000    209.000    163.000    283.000    285.000      0.000    154.000    241.000    188.000     36.000    132.000    200.000    198.000    142.000    124.000    216.000    260.000    198.000     25.000    309.000    341.000    291.000    303.000    325.000    256.000    291.000    308.000     69.000    259.000    248.000     98.000    207.000    365.000    183.000    316.000    318.000    249.000    105.000    206.000    236.000    120.000     91.000    225.000    249.000    218.000    182.000     72.000    424.000    329.000    194.000     72.000    167.000    282.000     61.000    162.000    205.000    309.000    255.000     61.000     76.000    138.000    319.000    172.000    168.000    110.000    173.000    241.000    321.000    359.000    258.000    290.000    177.000    179.000     66.000    340.000    203.000    309.000    416.000    337.000    268.000    268.000     50.000
   279.000    315.000     95.000     82.000    144.000    262.000    187.000    125.000    256.000    118.000    203.000    183.000    204.000    195.000    253.000    192.000    163.000    219.000    158.000    178.000     93.000    253.000    254.000    192.000    154.000      0.000    207.000     34.000    152.000     60.000    286.000     95.000     72.000     66.000    222.000    261.000    218.000    141.000    245.000    196.000    206.000    211.000    184.000    218.000    251.000    157.000    205.000    197.000     94.000    252.000    262.000    290.000     98.000    228.000    301.000    209.000    170.000    328.000    192.000     74.000     81.000    164.000    157.000    202.000    252.000    118.000    281.000    178.000    308.000    206.000    215.000    187.000    108.000     59.000    127.000    154.000    280.000    121.000    176.000    207.000    259.000    186.000    202.000    168.000    302.000    142.000    213.000    293.000    119.000    142.000     86.000    125.000    193.000    303.000    120.000    244.000    273.000    221.000    229.000    229.000    111.000
    76.000    510.000    242.000    125.000    202.000    155.000    256.000    233.000    141.000    325.000    358.000    359.000    337.000    401.000    439.000    264.000    358.000    426.000    195.000    246.000    134.000    178.000     48.000    397.000    241.000    207.000      0.000    221.000    269.000    153.000    185.000    122.000    138.000    152.000     58.000     67.000    404.000    215.000    452.000    235.000    412.000    414.000    212.000    422.000     51.000    308.000    310.000     44.000    237.000    295.000    134.000    133.000    110.000    107.000    503.000     10.000    327.000    266.000     17.000    262.000    171.000    371.000    363.000    401.000    150.000    170.000    434.000    255.000    237.000    312.000    116.000    391.000    186.000    265.000    334.000    269.000    467.000    264.000    310.000    144.000    466.000    372.000    380.000    329.000    261.000    102.000    410.000    121.000    178.000    218.000    292.000     82.000    307.000    102.000    327.000    451.000    429.000    414.000    434.000    434.000    199.000
   296.000    320.000    126.000     97.000    121.000    292.000    158.000     95.000    285.000    109.000    226.000    201.000    170.000    189.000    225.000    225.000    173.000    211.000    137.000    150.000     94.000    285.000    267.000    176.000    188.000     34.000    221.000      0.000    184.000     88.000    317.000    101.000     97.000     96.000    244.000    280.000    229.000    176.000    235.000    170.000    191.000    193.000    162.000    216.000    262.000    123.000    236.000    204.000     61.000    286.000    290.000    289.000    111.000    226.000    300.000    222.000    194.000    362.000    205.000     95.000    115.000    160.000    143.000    207.000    282.000    152.000    247.000    149.000    340.000    237.000    243.000    170.000    142.000     62.000    122.000    122.000    289.000    151.000    204.000    238.000    249.000    199.000    217.000    191.000    336.000    142.000    190.000    296.000    101.000    116.000     84.000    142.000    224.000    313.000    114.000    233.000    240.000    196.000    226.000    226.000    146.000
   319.000    269.000     57.000    186.000    294.000    227.000    339.000    278.000    229.000    188.000     93.000    111.000    348.000    220.000    353.000     55.000    144.000    247.000    305.000    330.000    221.000    199.000    314.000    259.000     36.000    152.000    269.000    184.000      0.000    145.000    236.000    212.000    158.000    139.000    248.000    293.000    162.000     57.000    277.000    346.000    263.000    277.000    332.000    223.000    320.000    298.000     53.000    284.000    245.000    114.000    243.000    390.000    200.000    337.000    283.000    277.000     69.000    237.000    263.000    102.000    107.000    196.000    224.000    184.000    219.000     99.000    409.000    331.000    228.000     54.000    202.000    256.000     83.000    147.000    180.000    306.000    219.000     36.000     41.000    174.000    287.000    136.000    132.000     74.000    204.000    258.000    297.000    385.000    265.000    294.000    157.000    201.000     43.000    370.000    178.000    278.000    400.000    315.000    235.000    235.000     70.000
   222.000    357.000     99.000     42.000    158.000    203.000    211.000    157.000    196.000    176.000    219.000    211.000    251.000    249.000    313.000    168.000    205.000    274.000    167.000    201.000     77.000    197.000    201.000    252.000    132.000     60.000    153.000     88.000    145.000      0.000    228.000     67.000     15.000      8.000    162.000    202.000    253.000    111.000    302.000    211.000    265.000    271.000    194.000    269.000    201.000    207.000    196.000    152.000    136.000    223.000    202.000    254.000     57.000    197.000    350.000    158.000    186.000    277.000    141.000    109.000     41.000    218.000    216.000    247.000    193.000     72.000    335.000    204.000    254.000    198.000    155.000    247.000     72.000    114.000    183.000    192.000    317.000    125.000    180.000    150.000    315.000    221.000    232.000    186.000    254.000    114.000    273.000    253.000    128.000    163.000    141.000     71.000    188.000    254.000    176.000    301.000    328.000    282.000    281.000    281.000     82.000
   168.000    505.000    252.000    236.000    358.000     29.000    415.000    373.000     43.000    387.000    325.000    348.000    475.000    443.000    539.000    194.000    374.000    471.000    357.000    405.000    270.000     37.000    196.000    465.000    200.000    286.000    185.000    317.000    236.000    228.000      0.000    253.000    222.000    220.000    126.000    145.000    399.000    185.000    501.000    402.000    475.000    484.000    380.000    453.000    214.000    434.000    246.000    228.000    361.000    183.000     53.000    308.000    232.000    292.000    519.000    195.000    305.000     85.000    196.000    298.000    207.000    415.000    428.000    417.000     37.000    175.000    562.000    411.000     57.000    248.000     79.000    461.000    191.000    326.000    387.000    411.000    454.000    256.000    273.000     78.000    513.000    372.000    368.000    311.000     93.000    265.000    494.000    290.000    328.000    370.000    350.000    201.000    252.000    238.000    382.000    500.000    556.000    505.000    465.000    465.000    198.000
   198.000    410.000    165.000     26.000    106.000    225.000    162.000    121.000    214.000    209.000    284.000    272.000    225.000    288.000    317.000    233.000    258.000    311.000    109.000    152.000     16.000    229.000    167.000    277.000    198.000     95.000    122.000    101.000    212.000     67.000    253.000      0.000     55.000     73.000    155.000    185.000    311.000    176.000    336.000    155.000    292.000    294.000    135.000    312.000    161.000    190.000    263.000    103.000    117.000    284.000    215.000    195.000     21.000    134.000    396.000    122.000    251.000    316.000    105.000    164.000    107.000    258.000    244.000    297.000    216.000    132.000    318.000    158.000    290.000    265.000    174.000    271.000    136.000    153.000    221.000    158.000    373.000    191.000    247.000    181.000    350.000    278.000    292.000    251.000    298.000     48.000    288.000    198.000     75.000    116.000    179.000     53.000    255.000    212.000    212.000    334.000    313.000    292.000    323.000    323.000    147.000
   208.000    373.000    114.000     28.000    153.000    196.000    207.000    156.000    188.000    190.000    234.000    227.000    253.000    263.000    322.000    177.000    221.000    289.000    160.000    197.000     67.000    193.000    186.000    265.000    142.000     72.000    138.000     97.000    158.000     15.000    222.000     55.000      0.000     18.000    150.000    189.000    269.000    120.000    316.000    205.000    278.000    283.000    187.000    284.000    186.000    211.000    208.000    136.000    139.000    230.000    193.000    238.000     42.000    182.000    365.000    142.000    201.000    275.000    125.000    125.000     51.000    233.000    229.000    263.000    187.000     78.000    340.000    201.000    252.000    210.000    147.000    260.000     81.000    128.000    197.000    192.000    333.000    139.000    194.000    145.000    330.000    237.000    248.000    202.000    254.000    100.000    284.000    237.000    122.000    160.000    155.000     56.000    200.000    238.000    190.000    315.000    333.000    292.000    296.000    296.000     92.000
   220.000    357.000     96.000     47.000    167.000    196.000    220.000    165.000    189.000    180.000    216.000    209.000    259.000    252.000    320.000    160.000    205.000    278.000    175.000    210.000     84.000    189.000    200.000    257.000    124.000     66.000    152.000     96.000    139.000      8.000    220.000     73.000     18.000      0.000    158.000    199.000    252.000    103.000    306.000    219.000    270.000    276.000    202.000    271.000    201.000    216.000    190.000    154.000    145.000    215.000    195.000    257.000     61.000    200.000    351.000    157.000    183.000    268.000    141.000    109.000     33.000    221.000    221.000    248.000    186.000     64.000    343.000    213.000    246.000    192.000    148.000    252.000     64.000    118.000    186.000    201.000    316.000    121.000    175.000    142.000    319.000    220.000    230.000    183.000    245.000    119.000    279.000    255.000    136.000    172.000    145.000     72.000    182.000    253.000    180.000    304.000    336.000    288.000    283.000    283.000     74.000
    70.000    505.000    234.000    148.000    250.000     97.000    305.000    274.000     83.000    339.000    341.000    349.000    379.000    410.000    469.000    232.000    357.000    436.000    245.000    295.000    170.000    122.000     77.000    415.000    216.000    222.000     58.000    244.000    248.000    162.000    126.000    155.000    150.000    158.000      0.000     44.000    397.000    191.000    464.000    288.000    428.000    433.000    264.000    428.000     92.000    346.000    282.000    102.000    272.000    254.000     75.000    185.000    137.000    166.000    505.000     69.000    313.000    209.000     71.000    264.000    166.000    380.000    379.000    401.000     92.000    152.000    474.000    303.000    180.000    284.000     64.000    410.000    171.000    277.000    345.000    312.000    459.000    251.000    290.000     96.000    478.000    366.000    371.000    316.000    206.000    150.000    434.000    169.000    222.000    264.000    304.000    103.000    281.000    130.000    339.000    463.000    468.000    441.000    440.000    440.000    184.000
    27.000    549.000    278.000    183.000    270.000    119.000    323.000    299.000    105.000    379.000    385.000    393.000    404.000    451.000    502.000    275.000    400.000    477.000    263.000    314.000    199.000    151.000     53.000    453.000    260.000    261.000     67.000    280.000    293.000    202.000    145.000    185.000    189.000    199.000     44.000      0.000    441.000    235.000    505.000    302.000    467.000    472.000    279.000    470.000     72.000    374.000    325.000    108.000    302.000    293.000     92.000    165.000    169.000    162.000    548.000     73.000    357.000    230.000     85.000    307.000    210.000    421.000    418.000    444.000    118.000    197.000    501.000    322.000    201.000    328.000    101.000    448.000    215.000    317.000    386.000    336.000    504.000    295.000    334.000    134.000    518.000    410.000    415.000    360.000    233.000    169.000    470.000    146.000    245.000    286.000    344.000    137.000    325.000     95.000    379.000    503.000    496.000    476.000    482.000    482.000    228.000
