     0.000      2.755      3.096      2.619      4.617      4.847      1.265      2.269      4.889      4.496      4.802      2.680      3.572      5.821      5.293      2.393      2.001      1.694      3.766      0.150      1.475      3.615      1.201      4.629      3.491      5.921      4.449      0.425      4.525      4.850      3.522      1.372      3.640      2.183      5.147      3.292      5.058      5.637      2.620      5.665      3.598      4.459      1.156      1.706      2.600      4.362      2.162      4.442      3.114      3.419      3.326      3.626      3.166      2.396      2.415      1.600      2.847      2.092      0.984      6.016      2.561      4.192      1.036      5.569      3.709      3.375      4.347      0.348      3.197      4.335      1.779      1.909      1.324      2.434      1.318      3.598      1.638      2.866      4.642      1.146      0.570      2.853      4.238      1.745      2.838      4.729      1.387      1.244      4.292      1.467      5.171      2.097      3.414      2.148      3.974      2.964      1.945      2.769      2.419      4.169      4.733      4.817      3.525      4.731      3.842      3.540      1.076      1.849      1.360      3.555      2.912      0.211      2.739      0.515      3.107      2.061      0.766      1.950      1.627      2.841      4.130      4.220      4.326      3.776      2.350      2.325      5.023      0.481      2.826      2.249      2.564      4.573      4.680      2.234      1.407      3.048      2.172      2.369      2.365      1.897      0.770      3.298      3.111      2.185      2.039      1.440      5.856      2.460      1.766      1.766      2.418
     2.755      0.000      4.030      2.716      2.156      3.569      2.045      1.198      2.488      3.557      3.480      2.608      2.300      4.107      3.637      1.730      1.085      1.571      1.303      2.658      2.973      2.810      2.648      2.969      3.292      4.078      2.683      2.613      1.771      2.801      3.225      1.568      2.578      1.409      3.020      1.549      3.696      3.783      0.363      3.671      1.044      3.753      1.680      2.440      2.908      2.809      0.820      1.849      3.142      2.921      2.067      1.394      1.808      0.361      1.101      3.256      2.992      0.684      2.570      4.246      1.143      2.213      2.459      3.515      1.759      3.995      3.035      2.616      3.572      1.863      2.491      2.514      1.780      0.672      1.962      1.140      2.751      3.670      2.165      2.333      2.330      3.788      2.775      2.598      1.596      3.047      2.875      2.406      3.573      1.438      3.763      1.957      0.941      3.040      3.787      4.028      1.274      2.171      2.073      1.432      2.358      2.276      2.401      2.443      4.209      1.137      2.138      0.981      2.226      1.467      1.228      2.692      0.528      2.271      1.557      2.645      2.236      1.760      1.166      3.999      2.153      1.572      1.594      4.546      0.552      2.303      3.848      2.286      3.821      1.534      1.869      3.407      2.429      3.516      3.093      2.048      3.267      1.649      2.661      1.629      2.601      1.469      2.479      2.191      3.104      2.023      3.992      0.404      1.464      1.464      2.887
     3.096      4.030      0.000      1.377      4.563      3.189      2.332      4.477      6.504      2.623      3.214      1.526      2.685      4.345      3.904      4.887      2.983      2.560      5.332      3.205      1.626      2.170      4.240      3.507      1.453      4.580      3.541      3.481      5.329      4.115      1.572      2.805      2.463      2.622      4.409      3.148      3.412      4.384      3.680      4.588      4.125      2.352      3.550      1.727      1.154      3.249      3.235      5.810      1.210      1.804      2.650      3.740      2.755      3.842      2.955      1.515      1.175      3.515      2.181      4.559      4.682      3.672      2.192      4.599      5.704      0.449      2.968      2.781      0.749      4.404      4.713      4.834      2.568      4.257      2.374      5.170      4.666      0.362      4.605      4.076      3.452      0.263      3.092      4.718      5.141      3.588      4.460      4.200      2.283      2.902      3.537      2.074      4.970      1.077      1.564      0.191      2.789      2.057      1.998      5.224      6.382      4.840      2.516      6.473      0.941      5.165      2.401      3.780      4.230      3.557      3.100      3.291      4.406      3.269      5.287      5.006      2.619      2.283      3.207      0.340      6.130      5.508      5.377      0.680      4.056      5.100      3.182      3.007      0.271      4.664      5.088      2.913      4.284      0.867      4.501      2.397      0.948      4.825      1.373      2.427      2.367      5.334      1.986      4.940      1.110      2.231      4.557      3.632      4.167      4.167      1.144
     2.619      2.716      1.377      0.000      3.245      2.392      1.452      3.342      5.160      1.943      2.375      0.165      1.451      3.498      2.992      3.817      1.737      1.417      4.005      2.672      1.383      1.144      3.547      2.444      0.877      3.674      2.393      2.894      3.952      2.941      0.903      1.770      1.325      1.320      3.251      1.786      2.620      3.427      2.356      3.563      2.749      1.853      2.621      0.912      0.231      2.163      1.964      4.452      0.529      0.849      1.345      2.375      1.405      2.575      1.619      1.528      0.294      2.283      1.651      3.710      3.504      2.410      1.584      3.532      4.441      1.280      1.990      2.271      0.862      3.063      3.885      3.990      1.585      3.036      1.446      3.849      3.927      1.022      3.286      3.307      2.760      1.174      2.008      3.922      3.987      2.538      3.801      3.435      1.696      1.826      2.744      0.822      3.654      0.773      1.384      1.429      1.554      0.690      0.644      3.852      5.044      3.518      1.308      5.146      1.531      3.852      1.607      2.646      3.404      2.197      1.723      2.762      3.138      2.570      4.088      4.167      1.914      1.066      2.082      1.455      4.855      4.147      4.004      1.832      2.826      4.143      2.507      2.329      1.229      3.583      4.016      2.100      3.024      1.244      3.906      1.058      0.995      3.746      0.261      1.217      1.865      4.096      0.740      3.984      0.942      1.286      3.629      2.332      3.133      3.133      0.361
     4.617      2.156      4.563      3.245      0.000      2.388      3.531      3.332      3.071      2.726      2.285      3.081      1.901      2.344      2.033      3.832      2.618      2.997      2.463      4.559      4.236      2.505      4.766      1.614      3.260      2.204      1.354      4.591      1.373      1.011      3.143      3.251      2.176      2.537      1.061      1.502      2.383      1.948      2.093      1.723      1.114      3.067      3.719      3.580      3.474      1.678      2.467      2.346      3.370      2.833      1.914      1.004      1.846      2.465      2.229      4.491      3.392      2.630      4.076      2.412      3.210      0.954      3.957      1.537      3.246      4.315      2.058      4.382      3.866      0.296      4.647      4.670      3.354      2.811      3.449      2.437      4.902      4.234      0.044      4.447      4.318      4.399      1.775      4.754      3.572      1.627      5.005      4.532      2.947      3.151      2.380      2.924      2.386      3.927      3.549      4.651      2.698      2.564      2.769      1.688      3.046      0.278      2.076      3.236      4.271      2.516      3.698      3.088      4.362      1.122      1.769      4.615      2.570      4.210      3.408      4.798      3.928      2.902      3.025      4.693      3.444      2.108      1.726      4.818      2.708      4.427      2.676      4.139      4.461      3.661      3.939      2.408      0.514      4.444      5.216      2.187      4.177      3.756      3.369      2.870      4.199      3.190      2.578      4.328      4.066      3.411      2.113      2.259      3.617      3.617      3.578
     4.847      3.569      3.189      2.392      2.388      0.000      3.583      4.671      5.350      0.580      0.103      2.269      1.360      1.156      0.743      5.219      3.208      3.246      4.487      4.863      3.772      1.259      5.528      0.774      1.760      1.395      1.053      5.028      3.699      1.447      1.654      3.645      1.213      2.817      1.615      2.025      0.230      1.232      3.276      1.496      2.831      0.925      4.449      3.223      2.536      0.791      3.263      4.591      2.108      1.553      1.628      2.295      1.868      3.683      2.794      3.917      2.312      3.599      3.954      1.371      4.692      1.552      3.863      1.570      5.191      2.787      0.547      4.515      2.455      2.443      5.680      5.753      3.580      4.186      3.537      4.396      5.824      2.986      2.428      5.233      4.824      3.153      0.796      5.752      5.163      0.768      5.792      5.352      0.925      3.623      0.357      2.752      4.265      3.142      1.690      3.349      3.132      2.078      2.428      3.893      5.295      2.619      1.350      5.466      2.497      4.448      3.771      4.115      5.253      2.155      2.400      4.947      4.097      4.652      5.118      5.919      4.085      2.923      3.717      3.457      5.498      4.307      3.980      3.125      3.996      5.718      0.297      4.460      3.229      4.993      5.386      0.294      1.891      3.533      5.948      1.839      3.328      5.137      2.644      3.011      4.154      4.991      1.748      5.577      3.314      3.407      1.381      3.379      4.709      4.709      2.727
     1.265      2.045      2.332      1.452      3.531      3.583      0.000      2.175      4.484      3.249      3.537      1.477      2.312      4.560      4.032      2.558      1.007      0.541      3.292      1.282      0.944      2.360      2.095      3.374      2.323      4.668      3.208      1.468      3.717      3.639      2.334      0.517      2.375      0.999      3.944      2.106      3.793      4.386      1.778      4.431      2.627      3.238      1.228      0.619      1.498      3.104      1.254      3.890      1.976      2.191      2.071      2.527      1.929      1.749      1.310      1.224      1.719      1.388      0.556      4.757      2.406      2.991      0.437      4.345      3.503      2.477      3.082      0.944      2.183      3.267      2.457      2.568      0.274      2.046      0.086      3.119      2.479      2.014      3.561      1.860      1.312      2.069      2.977      2.485      2.840      3.474      2.350      1.989      3.064      0.640      3.906      0.832      2.917      1.256      2.835      2.263      0.863      1.505      1.156      3.451      4.343      3.759      2.260      4.394      2.869      3.090      0.191      1.499      1.972      2.422      1.767      1.367      2.266      1.123      3.017      2.745      0.502      0.696      0.959      2.187      3.939      3.617      3.615      2.972      1.872      2.782      3.764      0.895      2.073      2.338      2.759      3.311      3.520      1.609      2.461      1.786      1.411      2.498      1.225      0.675      0.670      3.108      1.855      2.622      1.239      0.177      4.605      1.657      1.836      1.836      1.354
     2.269      1.198      4.477      3.342      3.332      4.671      2.175      0.000      2.638      4.581      4.588      3.283      3.340      5.287      4.804      0.548      1.634      1.941      1.592      2.133      3.079      3.755      1.694      4.125      4.084      5.269      3.848      1.968      2.665      3.996      4.043      1.675      3.580      2.083      4.218      2.654      4.818      4.973      1.409      4.868      2.229      4.724      1.140      2.752      3.481      3.942      1.469      2.287      3.843      3.779      3.083      2.586      2.826      0.992      1.937      3.339      3.636      1.116      2.539      5.432      0.293      3.396      2.462      4.713      1.442      4.556      4.126      2.287      4.189      3.042      1.367      1.365      1.917      0.526      2.119      1.443      1.670      4.139      3.337      1.424      1.717      4.216      3.888      1.485      0.666      4.208      1.868      1.449      4.539      1.575      4.894      2.520      1.301      3.405      4.608      4.424      1.799      2.975      2.758      2.217      2.479      3.424      3.408      2.465      4.871      1.366      2.163      0.701      1.244      2.642      2.271      2.126      0.777      1.759      0.866      1.476      2.086      2.276      1.275      4.357      1.868      2.126      2.349      5.083      0.682      1.105      4.936      1.909      4.228      0.336      0.719      4.479      3.626      3.783      2.098      2.978      3.581      0.466      3.202      2.125      2.469      1.030      3.337      0.997      3.409      2.250      5.184      1.293      0.514      0.514      3.396
     4.889      2.488      6.504      5.160      3.071      5.350      4.484      2.638      0.000      5.548      5.247      5.036      4.388      5.410      5.097      2.726      3.569      4.048      1.194      4.759      5.427      5.000      4.261      4.596      5.617      5.248      4.301      4.606      1.699      4.077      5.529      3.977      4.702      3.884      4.119      3.632      5.391      5.008      2.827      4.755      2.602      5.830      3.736      4.924      5.365      4.569      3.306      0.764      5.536      5.205      4.231      3.136      4.006      2.739      3.549      5.708      5.421      3.098      4.969      5.463      2.345      3.798      4.869      4.563      1.280      6.436      4.908      4.861      5.997      2.933      3.769      3.702      4.211      2.491      4.406      1.365      4.104      6.142      3.042      4.030      4.350      6.266      4.610      3.889      2.221      4.633      4.378      4.030      5.670      3.848      5.408      4.436      1.569      5.527      6.062      6.510      3.760      4.550      4.518      1.461      0.160      2.937      4.539      0.292      6.595      1.396      4.545      3.090      3.825      3.315      3.494      4.758      2.226      4.375      1.907      3.720      4.570      4.247      3.537      6.485      1.005      1.064      1.370      6.988      2.631      3.202      5.647      4.489      6.302      2.757      2.657      5.293      3.578      6.002      4.601      4.329      5.754      2.704      5.131      4.117      4.957      1.648      4.793      3.221      5.590      4.486      5.158      2.892      3.152      3.152      5.361
     4.496      3.557      2.623      1.943      2.726      0.580      3.249      4.581      5.548      0.000      0.629      1.842      1.258      1.725      1.321      5.121      3.026      2.980      4.598      4.527      3.323      0.894      5.271      1.172      1.220      1.973      1.379      4.714      3.956      1.882      1.124      3.384      1.001      2.600      2.100      2.022      0.793      1.810      3.232      2.063      2.963      0.368      4.222      2.822      2.058      1.047      3.127      4.784      1.592      1.096      1.502      2.420      1.761      3.614      2.651      3.444      1.818      3.476      3.564      1.938      4.638      1.803      3.483      2.123      5.255      2.213      0.668      4.155      1.898      2.725      5.482      5.565      3.284      4.126      3.214      4.489      5.597      2.436      2.768      4.990      4.533      2.600      0.960      5.544      5.122      1.208      5.535      5.113      0.346      3.381      0.916      2.431      4.339      2.661      1.110      2.787      2.920      1.766      2.102      4.088      5.478      2.980      1.173      5.636      1.918      4.531      3.431      3.974      5.034      2.252      2.336      4.614      4.081      4.352      5.113      5.736      3.748      2.631      3.520      2.900      5.593      4.488      4.193      2.546      3.925      5.583      0.578      4.141      2.676      4.889      5.300      0.356      2.264      3.016      5.675      1.623      2.828      5.041      2.203      2.740      3.772      5.016      1.397      5.435      2.831      3.072      1.960      3.310      4.555      4.555      2.254
     4.802      3.480      3.214      2.375      2.285      0.103      3.537      4.588      5.247      0.629      0.000      2.247      1.291      1.143      0.696      5.136      3.138      3.189      4.388      4.816      3.751      1.234      5.466      0.671      1.775      1.366      0.950      4.976      3.596      1.348      1.665      3.587      1.163      2.753      1.524      1.939      0.256      1.184      3.191      1.435      2.732      0.986      4.384      3.192      2.527      0.692      3.188      4.488      2.112      1.544      1.559      2.198      1.794      3.599      2.720      3.903      2.307      3.521      3.919      1.358      4.605      1.449      3.825      1.499      5.094      2.818      0.474      4.472      2.475      2.340      5.609      5.681      3.527      4.100      3.490      4.298      5.758      3.000      2.325      5.169      4.769      3.169      0.705      5.683      5.074      0.668      5.731      5.288      0.970      3.562      0.372      2.706      4.168      3.132      1.734      3.370      3.067      2.034      2.384      3.791      5.193      2.517      1.292      5.364      2.544      4.350      3.726      4.039      5.186      2.059      2.318      4.898      4.007      4.598      5.027      5.846      4.039      2.871      3.649      3.475      5.399      4.205      3.878      3.171      3.912      5.640      0.400      4.410      3.245      4.912      5.302      0.301      1.789      3.533      5.889      1.781      3.323      5.054      2.624      2.955      4.117      4.897      1.713      5.500      3.304      3.362      1.345      3.295      4.633      4.633      2.715
     2.680      2.608      1.526      0.165      3.081      2.269      1.477      3.283      5.036      1.842      2.247      0.000      1.288      3.361      2.851      3.770      1.661      1.381      3.889      2.726      1.504      1.013      3.568      2.291      0.853      3.531      2.234      2.937      3.804      2.779      0.857      1.752      1.173      1.230      3.089      1.627      2.495      3.281      2.247      3.411      2.601      1.779      2.611      0.984      0.393      2.009      1.877      4.322      0.561      0.747      1.180      2.218      1.243      2.485      1.508      1.665      0.386      2.206      1.727      3.573      3.434      2.245      1.652      3.376      4.345      1.400      1.850      2.335      0.965      2.901      3.882      3.983      1.585      2.956      1.463      3.736      3.937      1.175      3.122      3.318      2.789      1.331      1.856      3.923      3.919      2.387      3.825      3.446      1.614      1.797      2.618      0.772      3.543      0.926      1.377      1.586      1.485      0.532      0.540      3.714      4.922      3.354      1.148      5.029      1.610      3.742      1.644      2.591      3.405      2.038      1.580      2.814      3.045      2.601      4.010      4.160      1.956      1.019      2.036      1.616      4.755      4.016      3.864      1.952      2.745      4.116      2.397      2.367      1.388      3.534      3.967      1.978      2.858      1.407      3.938      0.894      1.155      3.696      0.378      1.166      1.938      4.008      0.582      3.957      1.093      1.306      3.485      2.232      3.097      3.097      0.521
     3.572      2.300      2.685      1.451      1.901      1.360      2.312      3.340      4.388      1.258      1.291      1.288      0.000      2.249      1.720      3.885      1.847      1.917      3.377      3.572      2.698      0.634      4.179      1.070      1.365      2.361      0.957      3.714      2.897      1.491      1.251      2.308      0.315      1.466      1.802      0.778      1.541      2.086      1.975      2.167      1.787      1.471      3.093      2.072      1.666      0.794      1.908      3.629      1.479      0.934      0.268      1.267      0.514      2.364      1.436      2.903      1.535      2.249      2.751      2.445      3.385      0.987      2.647      2.112      4.009      2.416      0.817      3.255      1.971      1.784      4.319      4.393      2.268      2.874      2.255      3.259      4.467      2.371      1.944      3.880      3.497      2.542      0.666      4.392      3.867      1.170      4.443      3.998      1.298      2.276      1.640      1.495      3.100      2.207      1.713      2.788      1.777      0.873      1.202      2.947      4.305      2.179      0.176      4.451      2.383      3.295      2.502      2.761      3.895      1.079      1.080      3.652      2.823      3.331      3.855      4.559      2.807      1.623      2.357      2.846      4.359      3.325      3.071      2.918      2.676      4.368      1.606      3.156      2.609      3.655      4.059      1.142      1.601      2.695      4.605      0.527      2.442      3.803      1.640      1.690      2.934      3.761      0.719      4.225      2.369      2.143      2.301      2.058      3.352      3.352      1.809
     5.821      4.107      4.345      3.498      2.344      1.156      4.560      5.287      5.410      1.725      1.143      3.361      2.249      0.000      0.528      5.830      4.013      4.155      4.758      5.819      4.860      2.354      6.371      1.210      2.915      0.304      1.451      5.953      3.712      1.370      2.807      4.535      2.218      3.685      1.292      2.689      0.933      0.409      3.883      0.718      3.176      2.036      5.273      4.275      3.660      1.462      4.006      4.691      3.255      2.680      2.498      2.717      2.683      4.304      3.571      5.025      3.445      4.305      4.983      0.215      5.249      1.894      4.883      0.899      5.523      3.938      1.514      5.503      3.611      2.528      6.437      6.494      4.512      4.770      4.503      4.706      6.622      4.141      2.371      6.062      5.726      4.309      1.583      6.523      5.683      1.114      6.633      6.173      2.070      4.490      0.809      3.738      4.617      4.262      2.827      4.505      3.980      3.084      3.431      4.026      5.389      2.479      2.307      5.580      3.624      4.774      4.750      4.828      6.049      2.645      3.103      5.898      4.613      5.566      5.579      6.649      5.055      3.871      4.522      4.614      5.761      4.447      4.070      4.253      4.606      6.380      1.200      5.401      4.384      5.621      5.975      1.441      1.853      4.673      6.809      2.774      4.459      5.748      3.739      3.933      5.173      5.402      2.803      6.252      4.434      4.390      0.350      4.017      5.420      5.420      3.845
     5.293      3.637      3.904      2.992      2.033      0.743      4.032      4.804      5.097      1.321      0.696      2.851      1.720      0.528      0.000      5.350      3.494      3.627      4.367      5.291      4.345      1.851      5.852      0.692      2.457      0.686      0.956      5.426      3.404      1.022      2.344      4.010      1.697      3.159      1.060      2.182      0.563      0.489      3.396      0.765      2.747      1.667      4.755      3.753      3.162      0.935      3.495      4.358      2.778      2.191      1.970      2.260      2.158      3.816      3.054      4.516      2.955      3.802      4.458      0.729      4.780      1.435      4.357      0.868      5.117      3.513      1.002      4.975      3.161      2.172      5.930      5.990      3.984      4.293      3.975      4.302      6.109      3.680      2.066      5.544      5.200      3.850      1.055      6.014      5.224      0.601      6.114      5.656      1.665      3.966      0.475      3.210      4.200      3.761      2.430      4.057      3.456      2.559      2.905      3.676      5.063      2.213      1.781      5.248      3.238      4.366      4.222      4.325      5.536      2.170      2.593      5.370      4.151      5.040      5.136      6.147      4.527      3.343      4.004      4.158      5.378      4.099      3.737      3.866      4.123      5.890      0.897      4.873      3.925      5.137      5.501      0.995      1.521      4.185      6.288      2.246      3.964      5.268      3.229      3.406      4.646      4.972      2.286      5.760      3.932      3.862      0.654      3.525      4.919      4.919      3.343
     2.393      1.730      4.887      3.817      3.832      5.219      2.558      0.548      2.726      5.121      5.136      3.770      3.885      5.830      5.350      0.000      2.145      2.402      1.849      2.246      3.411      4.287      1.547      4.672      4.587      5.807      4.394      2.027      3.051      4.530      4.552      2.090      4.121      2.595      4.745      3.202      5.366      5.512      1.957      5.399      2.743      5.257      1.388      3.162      3.942      4.490      2.000      2.521      4.329      4.298      3.626      3.123      3.371      1.540      2.473      3.655      4.111      1.648      2.846      5.973      0.625      3.937      2.787      5.242      1.450      4.998      4.673      2.487      4.651      3.547      1.052      1.003      2.320      1.060      2.514      1.731      1.385      4.560      3.834      1.355      1.823      4.625      4.436      1.174      0.506      4.755      1.652      1.330      5.072      2.008      5.442      2.999      1.639      3.811      5.114      4.821      2.298      3.491      3.256      2.585      2.566      3.906      3.949      2.507      5.338      1.643      2.514      1.183      1.133      3.185      2.819      2.218      1.263      1.918      0.818      1.065      2.378      2.753      1.735      4.742      1.821      2.418      2.699      5.514      1.229      0.605      5.483      2.120      4.631      0.237      0.201      5.024      4.148      4.150      1.876      3.512      3.967      0.082      3.659      2.604      2.742      1.087      3.859      0.544      3.796      2.658      5.722      1.841      0.725      0.725      3.842
     2.001      1.085      2.983      1.737      2.618      3.208      1.007      1.634      3.569      3.026      3.138      1.661      1.847      4.013      3.494      2.145      0.000      0.492      2.379      1.949      1.903      2.162      2.358      2.804      2.450      4.065      2.576      2.012      2.710      2.903      2.410      0.634      2.035      0.451      3.188      1.350      3.386      3.770      0.781      3.752      1.640      3.130      1.260      1.355      1.900      2.568      0.265      2.930      2.220      2.153      1.580      1.626      1.350      0.860      0.446      2.187      2.028      0.547      1.558      4.190      1.773      2.243      1.441      3.636      2.724      2.992      2.664      1.768      2.596      2.338      2.472      2.548      0.772      1.299      0.921      2.211      2.623      2.627      2.643      2.050      1.755      2.733      2.476      2.545      2.260      2.899      2.620      2.163      2.945      0.535      3.480      0.925      2.008      1.964      2.974      2.967      0.194      1.346      1.128      2.454      3.437      2.824      1.874      3.512      3.266      2.197      1.138      0.965      2.050      1.563      0.942      2.011      1.424      1.622      2.351      2.716      1.323      0.700      0.512      2.929      3.148      2.646      2.617      3.537      1.090      2.563      3.445      1.525      2.760      1.908      2.336      2.978      2.690      2.432      2.798      1.403      2.186      2.067      1.634      0.557      1.635      2.366      1.716      2.412      2.021      0.954      3.991      0.681      1.532      1.532      1.850
     1.694      1.571      2.560      1.417      2.997      3.246      0.541      1.941      4.048      2.980      3.189      1.381      1.917      4.155      3.627      2.402      0.492      0.000      2.855      1.674      1.411      2.088      2.292      2.951      2.222      4.240      2.760      1.799      3.191      3.156      2.205      0.404      2.036      0.489      3.456      1.603      3.443      3.952      1.273      3.972      2.087      3.026      1.255      0.879      1.542      2.692      0.754      3.419      1.935      1.996      1.659      1.993      1.479      1.316      0.770      1.695      1.710      0.968      1.097      4.344      2.128      2.500      0.977      3.875      3.153      2.615      2.720      1.412      2.251      2.730      2.530      2.624      0.371      1.698      0.457      2.685      2.621      2.212      3.027      2.010      1.581      2.303      2.578      2.582      2.597      3.051      2.556      2.135      2.844      0.419      3.549      0.610      2.482      1.511      2.750      2.527      0.326      1.217      0.909      2.945      3.913      3.222      1.897      3.981      2.937      2.666      0.701      1.240      2.065      1.896      1.242      1.749      1.868      1.414      2.729      2.799      0.950      0.368      0.669      2.478      3.583      3.137      3.108      3.147      1.501      2.735      3.455      1.250      2.324      2.169      2.602      2.991      3.007      1.958      2.704      1.408      1.720      2.331      1.261      0.240      1.202      2.777      1.596      2.577      1.552      0.464      4.172      1.170      1.717      1.717      1.456
     3.766      1.303      5.332      4.005      2.463      4.487      3.292      1.592      1.194      4.598      4.388      3.889      3.377      4.758      4.367      1.849      2.379      2.855      0.000      3.643      4.234      3.958      3.283      3.779      4.521      4.651      3.477      3.518      1.315      3.388      4.442      2.787      3.683      2.710      3.510      2.601      4.566      4.379      1.653      4.181      1.656      4.846      2.611      3.732      4.203      3.696      2.116      0.695      4.407      4.125      3.187      2.194      2.945      1.546      2.387      4.516      4.275      1.905      3.784      4.851      1.318      2.964      3.682      3.998      0.787      5.285      3.997      3.708      4.854      2.238      2.886      2.849      3.020      1.335      3.214      0.174      3.211      4.971      2.448      3.016      3.249      5.090      3.707      3.008      1.401      3.835      3.442      3.039      4.675      2.658      4.605      3.259      0.376      4.341      4.991      5.331      2.571      3.424      3.361      0.847      1.058      2.431      3.511      1.142      5.473      0.228      3.357      1.931      2.833      2.350      2.395      3.652      1.047      3.252      1.128      2.912      3.396      3.063      2.350      5.302      1.013      0.575      0.912      5.837      1.453      2.423      4.781      3.343      5.124      1.800      1.856      4.383      2.913      4.811      3.671      3.241      4.565      1.801      3.961      2.930      3.779      0.847      3.697      2.390      4.400      3.293      4.560      1.705      2.092      2.092      4.188
     0.150      2.658      3.205      2.672      4.559      4.863      1.282      2.133      4.759      4.527      4.816      2.726      3.572      5.819      5.291      2.246      1.949      1.674      3.643      0.000      1.579      3.641      1.065      4.621      3.548      5.912      4.434      0.286      4.428      4.821      3.573      1.330      3.653      2.160      5.116      3.261      5.072      5.625      2.540      5.645      3.526      4.502      1.032      1.763      2.666      4.358      2.096      4.322      3.176      3.458      3.322      3.574      3.153      2.298      2.374      1.720      2.909      2.004      1.062      6.012      2.425      4.162      1.100      5.545      3.571      3.472      4.357      0.427      3.279      4.274      1.634      1.764      1.309      2.314      1.326      3.476      1.503      2.965      4.583      0.997      0.424      2.958      4.238      1.603      2.694      4.721      1.262      1.098      4.332      1.415      5.183      2.112      3.295      2.236      4.038      3.077      1.907      2.786      2.438      4.064      4.602      4.753      3.532      4.596      3.932      3.416      1.097      1.735      1.210      3.510      2.873      0.091      2.622      0.393      2.966      1.917      0.780      1.951      1.550      2.957      3.990      4.105      4.220      3.884      2.237      2.176      5.046      0.428      2.934      2.105      2.415      4.592      4.637      2.347      1.298      3.051      2.273      2.222      2.422      1.887      0.853      3.160      3.136      2.035      2.135      1.459      5.845      2.377      1.626      1.626      2.488
     1.475      2.973      1.626      1.383      4.236      3.772      0.944      3.079      5.427      3.323      3.751      1.504      2.698      4.860      4.345      3.411      1.903      1.411      4.234      1.579      0.000      2.516      2.616      3.753      2.182      5.019      3.653      1.854      4.590      4.157      2.241      1.459      2.650      1.751      4.470      2.742      3.998      4.760      2.684      4.864      3.448      3.207      2.028      0.658      1.277      3.471      2.163      4.822      1.786      2.232      2.514      3.252      2.459      2.689      2.110      0.284      1.528      2.329      0.578      5.070      3.325      3.552      0.625      4.810      4.439      1.904      3.346      1.155      1.765      3.997      3.111      3.235      1.218      2.986      1.020      4.061      3.045      1.394      4.271      2.467      1.836      1.379      3.323      3.108      3.738      3.852      2.834      2.588      3.061      1.584      4.121      1.313      3.858      0.717      2.610      1.505      1.731      1.826      1.520      4.356      5.286      4.486      2.591      5.338      2.381      4.033      0.916      2.425      2.635      3.115      2.486      1.666      3.210      1.658      3.935      3.405      1.044      1.356      1.902      1.394      4.876      4.544      4.519      2.305      2.815      3.544      3.889      1.399      1.355      3.206      3.608      3.480      4.135      0.780      2.877      2.199      0.698      3.359      1.128      1.429      0.745      4.040      2.058      3.387      0.579      0.951      4.968      2.576      2.688      2.688      1.080
     3.615      2.810      2.170      1.144      2.505      1.259      2.360      3.755      5.000      0.894      1.234      1.013      0.634      2.354      1.851      4.287      2.162      2.088      3.958      3.641      2.516      0.000      4.377      1.351      0.762      2.535      1.371      3.823      3.530      1.946      0.642      2.492      0.331      1.725      2.239      1.369      1.483      2.298      2.463      2.459      2.405      0.970      3.334      1.966      1.311      1.083      2.287      4.244      0.971      0.367      0.772      1.895      1.015      2.817      1.818      2.672      1.112      2.640      2.702      2.566      3.837      1.562      2.614      2.450      4.554      1.853      0.853      3.277      1.428      2.408      4.599      4.686      2.390      3.328      2.323      3.830      4.707      1.893      2.549      4.098      3.639      2.067      0.925      4.659      4.327      1.438      4.641      4.222      0.785      2.493      1.606      1.538      3.662      1.910      1.080      2.297      2.043      0.872      1.209      3.569      4.911      2.782      0.467      5.051      1.766      3.860      2.544      3.122      4.146      1.706      1.586      3.727      3.320      3.459      4.347      4.858      2.861      1.737      2.645      2.377      4.921      3.938      3.696      2.326      3.120      4.725      1.409      3.251      2.139      4.052      4.472      0.971      2.156      2.340      4.781      0.778      2.114      4.207      1.390      1.848      2.905      4.279      0.505      4.574      2.081      2.183      2.495      2.518      3.693      3.693      1.492
     1.201      2.648      4.240      3.547      4.766      5.528      2.095      1.694      4.261      5.271      5.466      3.568      4.179      6.371      5.852      1.547      2.358      2.292      3.283      1.065      2.616      4.377      0.000      5.162      4.417      6.420      4.932      0.779      4.319      5.227      4.424      1.888      4.323      2.713      5.496      3.698      5.718      6.124      2.675      6.090      3.661      5.301      1.099      2.677      3.583      4.923      2.390      3.977      4.071      4.257      3.913      3.861      3.699      2.310      2.801      2.778      3.812      2.150      2.062      6.548      1.966      4.574      2.067      5.964      2.993      4.478      4.993      1.469      4.243      4.471      0.631      0.756      1.997      2.090      2.105      3.137      0.438      3.979      4.781      0.320      0.799      3.987      4.825      0.565      2.051      5.258      0.265      0.248      5.122      1.904      5.818      2.855      2.994      3.228      4.931      4.121      2.403      3.505      3.179      3.890      4.100      4.912      4.178      4.051      4.916      3.059      1.947      1.680      0.451      3.848      3.284      0.990      2.403      0.990      2.360      0.884      1.661      2.641      1.851      4.007      3.368      3.820      4.029      4.915      2.115      1.254      5.744      1.248      3.969      1.507      1.659      5.279      4.952      3.393      0.451      3.690      3.296      1.559      3.317      2.532      1.873      2.613      3.880      1.150      3.147      2.263      6.344      2.510      1.227      1.227      3.424
     4.629      2.969      3.507      2.444      1.614      0.774      3.374      4.125      4.596      1.172      0.671      2.291      1.070      1.210      0.692      4.672      2.804      2.951      3.779      4.621      3.753      1.351      5.162      0.000      2.061      1.294      0.302      4.749      2.932      0.710      1.939      3.328      1.119      2.478      0.945      1.491      0.796      1.016      2.715      1.120      2.131      1.536      4.064      3.138      2.636      0.283      2.803      3.840      2.320      1.716      1.303      1.617      1.475      3.134      2.363      3.944      2.456      3.111      3.822      1.393      4.110      0.815      3.717      1.099      4.507      3.158      0.562      4.318      2.759      1.675      5.238      5.298      3.313      3.617      3.314      3.700      5.417      3.242      1.654      4.853      4.518      3.415      0.436      5.322      4.563      0.100      5.424      4.965      1.457      3.281      0.826      2.564      3.583      3.216      2.174      3.642      2.770      1.936      2.272      3.145      4.547      1.848      1.162      4.722      2.971      3.758      3.565      3.635      4.844      1.507      1.902      4.698      3.489      4.361      4.489      5.456      3.864      2.681      3.313      3.726      4.792      3.564      3.225      3.579      3.443      5.206      1.065      4.200      3.488      4.456      4.826      0.825      1.121      3.674      5.599      1.596      3.436      4.590      2.662      2.735      4.004      4.338      1.710      5.074      3.384      3.208      1.232      2.840      4.229      4.229      2.803
