     0.000    247.000    278.000    235.000    415.000    436.000    113.000    204.000    440.000    404.000    432.000    241.000    321.000    523.000    476.000    215.000    180.000    152.000    338.000     13.000    132.000    325.000    108.000    416.000    314.000    532.000    400.000     38.000    407.000    436.000    316.000    123.000    327.000    196.000    463.000    296.000    455.000    507.000    235.000    509.000    323.000    401.000    104.000    153.000    234.000    392.000    194.000    399.000    280.000    307.000    299.000    326.000    284.000    215.000    217.000    144.000    256.000    188.000     88.000    541.000    230.000    377.000     93.000    501.000    333.000    303.000    391.000     31.000    287.000    390.000    160.000    171.000    119.000    219.000    118.000    323.000    147.000    257.000    417.000    103.000     51.000    256.000    381.000    157.000    255.000    425.000    124.000    111.000    386.000    132.000    465.000    188.000    307.000    193.000    357.000    266.000    175.000    249.000    217.000    375.000    425.000    433.000    317.000    425.000    345.000    318.000     96.000    166.000    122.000    319.000    262.000     18.000    246.000     46.000    279.000    185.000     68.000    175.000    146.000    255.000    371.000    379.000    389.000    339.000    211.000    209.000    452.000     43.000    254.000    202.000    230.000    411.000    421.000    201.000    126.000    274.000    195.000    213.000    212.000    170.000     69.000    296.000    279.000    196.000    183.000    129.000    527.000    221.000    158.000    158.000    217.000
   247.000      0.000    362.000    244.000    194.000    321.000    184.000    107.000    223.000    320.000    313.000    234.000    206.000    369.000    327.000    155.000     97.000    141.000    117.000    239.000    267.000    252.000    238.000    267.000    296.000    367.000    241.000    235.000    159.000    252.000    290.000    141.000    232.000    126.000    271.000    139.000    332.000    340.000     32.000    330.000     93.000    337.000    151.000    219.000    261.000    252.000     73.000    166.000    282.000    262.000    186.000    125.000    162.000     32.000     99.000    293.000    269.000     61.000    231.000    382.000    102.000    199.000    221.000    316.000    158.000    359.000    273.000    235.000    321.000    167.000    224.000    226.000    160.000     60.000    176.000    102.000    247.000    330.000    194.000    209.000    209.000    340.000    249.000    233.000    143.000    274.000    258.000    216.000    321.000    129.000    338.000    176.000     84.000    273.000    340.000    362.000    114.000    195.000    186.000    128.000    212.000    204.000    216.000    219.000    378.000    102.000    192.000     88.000    200.000    132.000    110.000    242.000     47.000    204.000    140.000    238.000    201.000    158.000    104.000    359.000    193.000    141.000    143.000    409.000     49.000    207.000    346.000    205.000    343.000    138.000    168.000    306.000    218.000    316.000    278.000    184.000    294.000    148.000    239.000    146.000    234.000    132.000    223.000    197.000    279.000    182.000    359.000     36.000    131.000    131.000    259.000
   278.000    362.000      0.000    123.000    410.000    287.000    209.000    402.000    585.000    236.000    289.000    137.000    241.000    391.000    351.000    439.000    268.000    230.000    479.000    288.000    146.000    195.000    381.000    315.000    130.000    412.000    318.000    313.000    479.000    370.000    141.000    252.000    221.000    235.000    396.000    283.000    307.000    394.000    331.000    412.000    371.000    211.000    319.000    155.000    103.000    292.000    291.000    522.000    108.000    162.000    238.000    336.000    247.000    345.000    265.000    136.000    105.000    316.000    196.000    410.000    421.000    330.000    197.000    413.000    513.000     40.000    267.000    250.000     67.000    396.000    424.000    435.000    231.000    383.000    213.000    465.000    419.000     32.000    414.000    366.000    310.000     23.000    278.000    424.000    462.000    322.000    401.000    378.000    205.000    261.000    318.000    186.000    447.000     96.000    140.000     17.000    251.000    185.000    179.000    470.000    574.000    435.000    226.000    582.000     84.000    464.000    216.000    340.000    380.000    320.000    279.000    296.000    396.000    294.000    475.000    450.000    235.000    205.000    288.000     30.000    551.000    495.000    483.000     61.000    365.000    458.000    286.000    270.000     24.000    419.000    457.000    262.000    385.000     78.000    405.000    215.000     85.000    434.000    123.000    218.000    213.000    480.000    178.000    444.000     99.000    200.000    410.000    326.000    375.000    375.000    102.000
   235.000    244.000    123.000      0.000    292.000    215.000    130.000    300.000    464.000    174.000    213.000     14.000    130.000    314.000    269.000    343.000    156.000    127.000    360.000    240.000    124.000    102.000    319.000    219.000     78.000    330.000    215.000    260.000    355.000    264.000     81.000    159.000    119.000    118.000    292.000    160.000    235.000    308.000    212.000    320.000    247.000    166.000    235.000     82.000     20.000    194.000    176.000    400.000     47.000     76.000    121.000    213.000    126.000    231.000    145.000    137.000     26.000    205.000    148.000    333.000    315.000    216.000    142.000    317.000    399.000    115.000    179.000    204.000     77.000    275.000    349.000    359.000    142.000    273.000    130.000    346.000    353.000     91.000    295.000    297.000    248.000    105.000    180.000    352.000    358.000    228.000    342.000    309.000    152.000    164.000    246.000     73.000    328.000     69.000    124.000    128.000    139.000     62.000     57.000    346.000    453.000    316.000    117.000    463.000    137.000    346.000    144.000    238.000    306.000    197.000    155.000    248.000    282.000    231.000    367.000    375.000    172.000     95.000    187.000    130.000    436.000    373.000    360.000    164.000    254.000    372.000    225.000    209.000    110.000    322.000    361.000    189.000    272.000    111.000    351.000     95.000     89.000    337.000     23.000    109.000    167.000    368.000     66.000    358.000     84.000    115.000    326.000    209.000    281.000    281.000     32.000
   415.000    194.000    410.000    292.000      0.000    214.000    317.000    299.000    276.000    245.000    205.000    277.000    171.000    210.000    182.000    344.000    235.000    269.000    221.000    410.000    381.000    225.000    428.000    145.000    293.000    198.000    121.000    413.000    123.000     90.000    282.000    292.000    195.000    228.000     95.000    135.000    214.000    175.000    188.000    155.000    100.000    276.000    334.000    322.000    312.000    151.000    222.000    211.000    303.000    254.000    172.000     90.000    166.000    221.000    200.000    404.000    305.000    236.000    366.000    217.000    288.000     85.000    356.000    138.000    292.000    388.000    185.000    394.000    347.000     26.000    418.000    420.000    301.000    252.000    310.000    219.000    441.000    381.000      3.000    400.000    388.000    395.000    159.000    427.000    321.000    146.000    450.000    407.000    265.000    283.000    214.000    263.000    214.000    353.000    319.000    418.000    242.000    230.000    249.000    151.000    274.000     25.000    186.000    291.000    384.000    226.000    332.000    277.000    392.000    100.000    159.000    415.000    231.000    378.000    306.000    431.000    353.000    261.000    272.000    422.000    309.000    189.000    155.000    433.000    243.000    398.000    240.000    372.000    401.000    329.000    354.000    216.000     46.000    399.000    469.000    196.000    375.000    338.000    303.000    258.000    377.000    287.000    232.000    389.000    365.000    306.000    190.000    203.000    325.000    325.000    322.000
   436.000    321.000    287.000    215.000    214.000      0.000    322.000    420.000    481.000     52.000      9.000    204.000    122.000    104.000     66.000    469.000    288.000    292.000    403.000    437.000    339.000    113.000    497.000     69.000    158.000    125.000     94.000    452.000    332.000    130.000    148.000    328.000    109.000    253.000    145.000    182.000     20.000    110.000    294.000    134.000    254.000     83.000    400.000    290.000    228.000     71.000    293.000    413.000    189.000    139.000    146.000    206.000    168.000    331.000    251.000    352.000    208.000    323.000    355.000    123.000    422.000    139.000    347.000    141.000    467.000    250.000     49.000    406.000    220.000    219.000    511.000    517.000    322.000    376.000    318.000    395.000    524.000    268.000    218.000    470.000    434.000    283.000     71.000    517.000    464.000     69.000    521.000    481.000     83.000    326.000     32.000    247.000    383.000    282.000    152.000    301.000    281.000    187.000    218.000    350.000    476.000    235.000    121.000    491.000    224.000    400.000    339.000    370.000    472.000    193.000    216.000    445.000    368.000    418.000    460.000    532.000    367.000    263.000    334.000    311.000    494.000    387.000    358.000    281.000    359.000    514.000     26.000    401.000    290.000    449.000    484.000     26.000    170.000    317.000    535.000    165.000    299.000    462.000    237.000    270.000    373.000    449.000    157.000    501.000    298.000    306.000    124.000    304.000    423.000    423.000    245.000
   113.000    184.000    209.000    130.000    317.000    322.000      0.000    195.000    403.000    292.000    318.000    132.000    208.000    410.000    362.000    230.000     90.000     48.000    296.000    115.000     84.000    212.000    188.000    303.000    209.000    420.000    288.000    132.000    334.000    327.000    210.000     46.000    213.000     89.000    354.000    189.000    341.000    394.000    160.000    398.000    236.000    291.000    110.000     55.000    134.000    279.000    112.000    350.000    177.000    197.000    186.000    227.000    173.000    157.000    117.000    110.000    154.000    124.000     50.000    428.000    216.000    269.000     39.000    391.000    315.000    222.000    277.000     84.000    196.000    294.000    221.000    231.000     24.000    184.000      7.000    280.000    223.000    181.000    320.000    167.000    118.000    186.000    267.000    223.000    255.000    312.000    211.000    179.000    275.000     57.000    351.000     74.000    262.000    113.000    255.000    203.000     77.000    135.000    104.000    310.000    390.000    338.000    203.000    395.000    258.000    278.000     17.000    134.000    177.000    217.000    159.000    123.000    203.000    101.000    271.000    247.000     45.000     62.000     86.000    196.000    354.000    325.000    325.000    267.000    168.000    250.000    338.000     80.000    186.000    210.000    248.000    297.000    316.000    144.000    221.000    160.000    126.000    224.000    110.000     60.000     60.000    279.000    166.000    235.000    111.000     15.000    414.000    149.000    165.000    165.000    121.000
   204.000    107.000    402.000    300.000    299.000    420.000    195.000      0.000    237.000    412.000    412.000    295.000    300.000    475.000    432.000     49.000    147.000    174.000    143.000    191.000    277.000    337.000    152.000    371.000    367.000    474.000    346.000    177.000    239.000    359.000    363.000    150.000    322.000    187.000    379.000    238.000    433.000    447.000    126.000    438.000    200.000    425.000    102.000    247.000    313.000    354.000    132.000    205.000    345.000    340.000    277.000    232.000    254.000     89.000    174.000    300.000    327.000    100.000    228.000    488.000     26.000    305.000    221.000    424.000    129.000    410.000    371.000    205.000    377.000    273.000    123.000    122.000    172.000     47.000    190.000    129.000    150.000    372.000    300.000    128.000    154.000    379.000    349.000    133.000     59.000    378.000    168.000    130.000    408.000    141.000    440.000    226.000    117.000    306.000    414.000    398.000    161.000    267.000    248.000    199.000    223.000    308.000    306.000    221.000    438.000    122.000    194.000     63.000    111.000    237.000    204.000    191.000     69.000    158.000     77.000    132.000    187.000    204.000    114.000    392.000    168.000    191.000    211.000    457.000     61.000     99.000    444.000    171.000    380.000     30.000     64.000    403.000    326.000    340.000    188.000    268.000    322.000     41.000    288.000    191.000    222.000     92.000    300.000     89.000    306.000    202.000    466.000    116.000     46.000     46.000    305.000
   440.000    223.000    585.000    464.000    276.000    481.000    403.000    237.000      0.000    499.000    472.000    453.000    394.000    486.000    458.000    245.000    321.000    364.000    107.000    428.000    488.000    450.000    383.000    413.000    505.000    472.000    387.000    414.000    152.000    366.000    497.000    357.000    423.000    349.000    370.000    326.000    485.000    450.000    254.000    427.000    234.000    524.000    336.000    443.000    482.000    411.000    297.000     68.000    498.000    468.000    380.000    282.000    360.000    246.000    319.000    513.000    487.000    278.000    447.000    491.000    211.000    341.000    438.000    410.000    115.000    579.000    441.000    437.000    539.000    263.000    339.000    333.000    378.000    224.000    396.000    122.000    369.000    552.000    273.000    362.000    391.000    563.000    414.000    350.000    199.000    416.000    394.000    362.000    510.000    346.000    486.000    399.000    141.000    497.000    545.000    585.000    338.000    409.000    406.000    131.000     14.000    264.000    408.000     26.000    593.000    125.000    409.000    278.000    344.000    298.000    314.000    428.000    200.000    393.000    171.000    334.000    411.000    382.000    318.000    583.000     90.000     95.000    123.000    628.000    236.000    288.000    508.000    404.000    567.000    248.000    239.000    476.000    322.000    540.000    414.000    389.000    517.000    243.000    461.000    370.000    446.000    148.000    431.000    289.000    503.000    403.000    464.000    260.000    283.000    283.000    482.000
   404.000    320.000    236.000    174.000    245.000     52.000    292.000    412.000    499.000      0.000     56.000    165.000    113.000    155.000    118.000    460.000    272.000    268.000    413.000    407.000    299.000     80.000    474.000    105.000    109.000    177.000    124.000    424.000    356.000    169.000    101.000    304.000     90.000    234.000    189.000    181.000     71.000    162.000    290.000    185.000    266.000     33.000    379.000    253.000    185.000     94.000    281.000    430.000    143.000     98.000    135.000    217.000    158.000    325.000    238.000    309.000    163.000    312.000    320.000    174.000    417.000    162.000    313.000    191.000    472.000    199.000     60.000    373.000    170.000    245.000    493.000    500.000    295.000    371.000    289.000    404.000    503.000    219.000    249.000    449.000    407.000    234.000     86.000    498.000    460.000    108.000    498.000    460.000     31.000    304.000     82.000    218.000    390.000    239.000     99.000    250.000    262.000    158.000    189.000    367.000    493.000    268.000    105.000    507.000    172.000    407.000    308.000    357.000    453.000    202.000    210.000    415.000    367.000    391.000    460.000    516.000    337.000    236.000    316.000    261.000    503.000    403.000    377.000    229.000    353.000    502.000     52.000    372.000    240.000    440.000    477.000     32.000    203.000    271.000    510.000    146.000    254.000    453.000    198.000    246.000    339.000    451.000    125.000    489.000    254.000    276.000    176.000    297.000    409.000    409.000    202.000
   432.000    313.000    289.000    213.000    205.000      9.000    318.000    412.000    472.000     56.000      0.000    202.000    116.000    102.000     62.000    462.000    282.000    287.000    394.000    433.000    337.000    111.000    491.000     60.000    159.000    122.000     85.000    447.000    323.000    121.000    149.000    322.000    104.000    247.000    137.000    174.000     23.000    106.000    287.000    129.000    245.000     88.000    394.000    287.000    227.000     62.000    286.000    403.000    190.000    138.000    140.000    197.000    161.000    323.000    244.000    351.000    207.000    316.000    352.000    122.000    414.000    130.000    344.000    134.000    458.000    253.000     42.000    402.000    222.000    210.000    504.000    511.000    317.000    368.000    314.000    386.000    518.000    270.000    209.000    465.000    429.000    285.000     63.000    511.000    456.000     60.000    515.000    475.000     87.000    320.000     33.000    243.000    375.000    281.000    156.000    303.000    276.000    183.000    214.000    341.000    467.000    226.000    116.000    482.000    228.000    391.000    335.000    363.000    466.000    185.000    208.000    440.000    360.000    413.000    452.000    526.000    363.000    258.000    328.000    312.000    485.000    378.000    349.000    285.000    352.000    507.000     36.000    396.000    292.000    442.000    477.000     27.000    161.000    317.000    530.000    160.000    299.000    454.000    236.000    265.000    370.000    440.000    154.000    495.000    297.000    302.000    121.000    296.000    416.000    416.000    244.000
   241.000    234.000    137.000     14.000    277.000    204.000    132.000    295.000    453.000    165.000    202.000      0.000    115.000    302.000    256.000    339.000    149.000    124.000    350.000    245.000    135.000     91.000    321.000    206.000     76.000    317.000    201.000    264.000    342.000    250.000     77.000    157.000    105.000    110.000    278.000    146.000    224.000    295.000    202.000    306.000    234.000    160.000    234.000     88.000     35.000    180.000    168.000    388.000     50.000     67.000    106.000    199.000    111.000    223.000    135.000    149.000     34.000    198.000    155.000    321.000    309.000    202.000    148.000    303.000    391.000    125.000    166.000    210.000     86.000    261.000    349.000    358.000    142.000    266.000    131.000    336.000    354.000    105.000    280.000    298.000    251.000    119.000    167.000    353.000    352.000    214.000    344.000    310.000    145.000    161.000    235.000     69.000    318.000     83.000    123.000    142.000    133.000     47.000     48.000    334.000    442.000    301.000    103.000    452.000    144.000    336.000    147.000    233.000    306.000    183.000    142.000    253.000    274.000    234.000    360.000    374.000    176.000     91.000    183.000    145.000    427.000    361.000    347.000    175.000    247.000    370.000    215.000    213.000    124.000    318.000    357.000    178.000    257.000    126.000    354.000     80.000    103.000    332.000     34.000    104.000    174.000    360.000     52.000    356.000     98.000    117.000    313.000    200.000    278.000    278.000     46.000
   321.000    206.000    241.000    130.000    171.000    122.000    208.000    300.000    394.000    113.000    116.000    115.000      0.000    202.000    154.000    349.000    166.000    172.000    303.000    321.000    242.000     57.000    376.000     96.000    122.000    212.000     86.000    334.000    260.000    134.000    112.000    207.000     28.000    131.000    162.000     70.000    138.000    187.000    177.000    195.000    160.000    132.000    278.000    186.000    149.000     71.000    171.000    326.000    133.000     84.000     24.000    114.000     46.000    212.000    129.000    261.000    138.000    202.000    247.000    220.000    304.000     88.000    238.000    190.000    360.000    217.000     73.000    292.000    177.000    160.000    388.000    395.000    204.000    258.000    202.000    293.000    402.000    213.000    174.000    349.000    314.000    228.000     59.000    395.000    348.000    105.000    399.000    359.000    116.000    204.000    147.000    134.000    279.000    198.000    154.000    250.000    159.000     78.000    108.000    265.000    387.000    196.000     15.000    400.000    214.000    296.000    225.000    248.000    350.000     97.000     97.000    328.000    254.000    299.000    346.000    410.000    252.000    146.000    212.000    256.000    392.000    299.000    276.000    262.000    240.000    393.000    144.000    284.000    234.000    328.000    365.000    102.000    144.000    242.000    414.000     47.000    219.000    342.000    147.000    152.000    264.000    338.000     64.000    380.000    213.000    192.000    207.000    185.000    301.000    301.000    162.000
   523.000    369.000    391.000    314.000    210.000    104.000    410.000    475.000    486.000    155.000    102.000    302.000    202.000      0.000     47.000    524.000    361.000    373.000    428.000    523.000    437.000    211.000    573.000    108.000    262.000     27.000    130.000    535.000    334.000    123.000    252.000    408.000    199.000    331.000    116.000    242.000     83.000     36.000    349.000     64.000    285.000    183.000    474.000    384.000    329.000    131.000    360.000    422.000    292.000    241.000    224.000    244.000    241.000    387.000    321.000    452.000    310.000    387.000    448.000     19.000    472.000    170.000    439.000     80.000    497.000    354.000    136.000    495.000    324.000    227.000    579.000    584.000    406.000    429.000    405.000    423.000    595.000    372.000    213.000    545.000    515.000    387.000    142.000    587.000    511.000    100.000    596.000    555.000    186.000    404.000     72.000    336.000    415.000    383.000    254.000    405.000    358.000    277.000    308.000    362.000    485.000    223.000    207.000    502.000    326.000    429.000    427.000    434.000    544.000    238.000    279.000    530.000    415.000    500.000    502.000    598.000    454.000    348.000    406.000    415.000    518.000    400.000    366.000    382.000    414.000    574.000    108.000    486.000    394.000    505.000    537.000    129.000    166.000    420.000    612.000    249.000    401.000    517.000    336.000    353.000    465.000    486.000    252.000    562.000    399.000    395.000     31.000    361.000    487.000    487.000    346.000
   476.000    327.000    351.000    269.000    182.000     66.000    362.000    432.000    458.000    118.000     62.000    256.000    154.000     47.000      0.000    481.000    314.000    326.000    393.000    476.000    391.000    166.000    526.000     62.000    221.000     61.000     86.000    488.000    306.000     91.000    210.000    360.000    152.000    284.000     95.000    196.000     50.000     44.000    305.000     68.000    247.000    150.000    427.000    337.000    284.000     84.000    314.000    392.000    250.000    197.000    177.000    203.000    194.000    343.000    274.000    406.000    265.000    342.000    401.000     65.000    430.000    129.000    392.000     78.000    460.000    316.000     90.000    447.000    284.000    195.000    533.000    539.000    358.000    386.000    357.000    387.000    549.000    331.000    185.000    498.000    468.000    346.000     94.000    541.000    470.000     54.000    550.000    509.000    149.000    356.000     42.000    288.000    378.000    338.000    218.000    365.000    311.000    230.000    261.000    330.000    455.000    199.000    160.000    472.000    291.000    392.000    379.000    389.000    498.000    195.000    233.000    483.000    373.000    453.000    462.000    553.000    407.000    300.000    360.000    374.000    484.000    368.000    336.000    347.000    371.000    530.000     80.000    438.000    353.000    462.000    495.000     89.000    136.000    376.000    565.000    202.000    356.000    474.000    290.000    306.000    418.000    447.000    205.000    518.000    353.000    347.000     58.000    317.000    442.000    442.000    300.000
   215.000    155.000    439.000    343.000    344.000    469.000    230.000     49.000    245.000    460.000    462.000    339.000    349.000    524.000    481.000      0.000    193.000    216.000    166.000    202.000    306.000    385.000    139.000    420.000    412.000    522.000    395.000    182.000    274.000    407.000    409.000    188.000    370.000    233.000    427.000    288.000    482.000    496.000    176.000    485.000    246.000    473.000    124.000    284.000    354.000    404.000    180.000    226.000    389.000    386.000    326.000    281.000    303.000    138.000    222.000    328.000    369.000    148.000    256.000    537.000     56.000    354.000    250.000    471.000    130.000    449.000    420.000    223.000    418.000    319.000     94.000     90.000    208.000     95.000    226.000    155.000    124.000    410.000    345.000    121.000    164.000    416.000    399.000    105.000     45.000    427.000    148.000    119.000    456.000    180.000    489.000    269.000    147.000    342.000    460.000    433.000    206.000    314.000    293.000    232.000    230.000    351.000    355.000    225.000    480.000    147.000    226.000    106.000    101.000    286.000    253.000    199.000    113.000    172.000     73.000     95.000    214.000    247.000    156.000    426.000    163.000    217.000    242.000    496.000    110.000     54.000    493.000    190.000    416.000     21.000     18.000    452.000    373.000    373.000    168.000    316.000    357.000      7.000    329.000    234.000    246.000     97.000    347.000     48.000    341.000    239.000    514.000    165.000     65.000     65.000    345.000
   180.000     97.000    268.000    156.000    235.000    288.000     90.000    147.000    321.000    272.000    282.000    149.000    166.000    361.000    314.000    193.000      0.000     44.000    214.000    175.000    171.000    194.000    212.000    252.000    220.000    365.000    231.000    181.000    243.000    261.000    216.000     57.000    183.000     40.000    286.000    121.000    304.000    339.000     70.000    337.000    147.000    281.000    113.000    121.000    171.000    231.000     23.000    263.000    199.000    193.000    142.000    146.000    121.000     77.000     40.000    196.000    182.000     49.000    140.000    377.000    159.000    201.000    129.000    327.000    245.000    269.000    239.000    159.000    233.000    210.000    222.000    229.000     69.000    116.000     82.000    198.000    236.000    236.000    237.000    184.000    157.000    245.000    222.000    229.000    203.000    260.000    235.000    194.000    265.000     48.000    313.000     83.000    180.000    176.000    267.000    267.000     17.000    121.000    101.000    220.000    309.000    254.000    168.000    316.000    293.000    197.000    102.000     86.000    184.000    140.000     84.000    180.000    128.000    145.000    211.000    244.000    119.000     62.000     46.000    263.000    283.000    238.000    235.000    318.000     98.000    230.000    310.000    137.000    248.000    171.000    210.000    268.000    242.000    218.000    251.000    126.000    196.000    186.000    147.000     50.000    147.000    212.000    154.000    217.000    181.000     85.000    359.000     61.000    137.000    137.000    166.000
   152.000    141.000    230.000    127.000    269.000    292.000     48.000    174.000    364.000    268.000    287.000    124.000    172.000    373.000    326.000    216.000     44.000      0.000    256.000    150.000    126.000    187.000    206.000    265.000    199.000    381.000    248.000    161.000    287.000    284.000    198.000     36.000    183.000     44.000    311.000    144.000    309.000    355.000    114.000    357.000    187.000    272.000    112.000     79.000    138.000    242.000     67.000    307.000    174.000    179.000    149.000    179.000    133.000    118.000     69.000    152.000    153.000     87.000     98.000    390.000    191.000    225.000     87.000    348.000    283.000    235.000    244.000    127.000    202.000    245.000    227.000    236.000     33.000    152.000     41.000    241.000    235.000    199.000    272.000    180.000    142.000    207.000    232.000    232.000    233.000    274.000    230.000    192.000    255.000     37.000    319.000     54.000    223.000    135.000    247.000    227.000     29.000    109.000     81.000    265.000    352.000    289.000    170.000    358.000    264.000    239.000     63.000    111.000    185.000    170.000    111.000    157.000    168.000    127.000    245.000    251.000     85.000     33.000     60.000    223.000    322.000    282.000    279.000    283.000    135.000    246.000    310.000    112.000    209.000    195.000    234.000    269.000    270.000    176.000    243.000    126.000    154.000    209.000    113.000     21.000    108.000    249.000    143.000    231.000    139.000     41.000    375.000    105.000    154.000    154.000    131.000
   338.000    117.000    479.000    360.000    221.000    403.000    296.000    143.000    107.000    413.000    394.000    350.000    303.000    428.000    393.000    166.000    214.000    256.000      0.000    327.000    381.000    356.000    295.000    340.000    406.000    418.000    312.000    316.000    118.000    304.000    399.000    250.000    331.000    243.000    315.000    234.000    410.000    394.000    148.000    376.000    149.000    436.000    234.000    335.000    378.000    332.000    190.000     62.000    396.000    371.000    286.000    197.000    265.000    139.000    214.000    406.000    384.000    171.000    340.000    436.000    118.000    266.000    331.000    359.000     70.000    475.000    359.000    333.000    436.000    201.000    259.000    256.000    271.000    120.000    289.000     15.000    288.000    447.000    220.000    271.000    292.000    458.000    333.000    270.000    126.000    345.000    309.000    273.000    420.000    239.000    414.000    293.000     33.000    390.000    449.000    479.000    231.000    308.000    302.000     76.000     95.000    218.000    315.000    102.000    492.000     20.000    302.000    173.000    254.000    211.000    215.000    328.000     94.000    292.000    101.000    262.000    305.000    275.000    211.000    477.000     91.000     51.000     82.000    525.000    130.000    218.000    430.000    300.000    461.000    162.000    167.000    394.000    262.000    432.000    330.000    291.000    410.000    162.000    356.000    263.000    340.000     76.000    332.000    215.000    396.000    296.000    410.000    153.000    188.000    188.000    376.000
    13.000    239.000    288.000    240.000    410.000    437.000    115.000    191.000    428.000    407.000    433.000    245.000    321.000    523.000    476.000    202.000    175.000    150.000    327.000      0.000    142.000    327.000     95.000    415.000    319.000    532.000    399.000     25.000    398.000    433.000    321.000    119.000    328.000    194.000    460.000    293.000    456.000    506.000    228.000    508.000    317.000    405.000     92.000    158.000    239.000    392.000    188.000    388.000    285.000    311.000    298.000    321.000    283.000    206.000    213.000    154.000    261.000    180.000     95.000    541.000    218.000    374.000     99.000    499.000    321.000    312.000    392.000     38.000    295.000    384.000    147.000    158.000    117.000    208.000    119.000    312.000    135.000    266.000    412.000     89.000     38.000    266.000    381.000    144.000    242.000    424.000    113.000     98.000    389.000    127.000    466.000    190.000    296.000    201.000    363.000    276.000    171.000    250.000    219.000    365.000    414.000    427.000    317.000    413.000    353.000    307.000     98.000    156.000    108.000    315.000    258.000      8.000    235.000     35.000    266.000    172.000     70.000    175.000    139.000    266.000    359.000    369.000    379.000    349.000    201.000    195.000    454.000     38.000    264.000    189.000    217.000    413.000    417.000    211.000    116.000    274.000    204.000    199.000    217.000    169.000     76.000    284.000    282.000    183.000    192.000    131.000    526.000    213.000    146.000    146.000    223.000
   132.000    267.000    146.000    124.000    381.000    339.000     84.000    277.000    488.000    299.000    337.000    135.000    242.000    437.000    391.000    306.000    171.000    126.000    381.000    142.000      0.000    226.000    235.000    337.000    196.000    451.000    328.000    166.000    413.000    374.000    201.000    131.000    238.000    157.000    402.000    246.000    359.000    428.000    241.000    437.000    310.000    288.000    182.000     59.000    114.000    312.000    194.000    433.000    160.000    200.000    226.000    292.000    221.000    242.000    189.000     25.000    137.000    209.000     52.000    456.000    299.000    319.000     56.000    432.000    399.000    171.000    301.000    103.000    158.000    359.000    279.000    291.000    109.000    268.000     91.000    365.000    274.000    125.000    384.000    222.000    165.000    124.000    299.000    279.000    336.000    346.000    255.000    232.000    275.000    142.000    370.000    118.000    347.000     64.000    234.000    135.000    155.000    164.000    136.000    392.000    475.000    403.000    233.000    480.000    214.000    362.000     82.000    218.000    237.000    280.000    223.000    149.000    288.000    149.000    354.000    306.000     93.000    122.000    171.000    125.000    438.000    408.000    406.000    207.000    253.000    318.000    350.000    125.000    121.000    288.000    324.000    313.000    372.000     70.000    258.000    197.000     62.000    302.000    101.000    128.000     67.000    363.000    185.000    304.000     52.000     85.000    447.000    231.000    241.000    241.000     97.000
   325.000    252.000    195.000    102.000    225.000    113.000    212.000    337.000    450.000     80.000    111.000     91.000     57.000    211.000    166.000    385.000    194.000    187.000    356.000    327.000    226.000      0.000    393.000    121.000     68.000    228.000    123.000    344.000    317.000    175.000     57.000    224.000     29.000    155.000    201.000    123.000    133.000    206.000    221.000    221.000    216.000     87.000    300.000    176.000    117.000     97.000    205.000    381.000     87.000     33.000     69.000    170.000     91.000    253.000    163.000    240.000    100.000    237.000    243.000    230.000    345.000    140.000    235.000    220.000    409.000    166.000     76.000    294.000    128.000    216.000    413.000    421.000    215.000    299.000    209.000    344.000    423.000    170.000    229.000    368.000    327.000    186.000     83.000    419.000    389.000    129.000    417.000    379.000     70.000    224.000    144.000    138.000    329.000    171.000     97.000    206.000    183.000     78.000    108.000    321.000    441.000    250.000     42.000    454.000    158.000    347.000    228.000    280.000    373.000    153.000    142.000    335.000    298.000    311.000    391.000    437.000    257.000    156.000    238.000    213.000    442.000    354.000    332.000    209.000    280.000    425.000    126.000    292.000    192.000    364.000    402.000     87.000    194.000    210.000    430.000     70.000    190.000    378.000    125.000    166.000    261.000    385.000     45.000    411.000    187.000    196.000    224.000    226.000    332.000    332.000    134.000
   108.000    238.000    381.000    319.000    428.000    497.000    188.000    152.000    383.000    474.000    491.000    321.000    376.000    573.000    526.000    139.000    212.000    206.000    295.000     95.000    235.000    393.000      0.000    464.000    397.000    577.000    443.000     70.000    388.000    470.000    398.000    169.000    389.000    244.000    494.000    332.000    514.000    551.000    240.000    548.000    329.000    477.000     98.000    240.000    322.000    443.000    215.000    357.000    366.000    383.000    352.000    347.000    332.000    207.000    252.000    250.000    343.000    193.000    185.000    589.000    176.000    411.000    186.000    536.000    269.000    403.000    449.000    132.000    381.000    402.000     56.000     68.000    179.000    188.000    189.000    282.000     39.000    358.000    430.000     28.000     71.000    358.000    434.000     50.000    184.000    473.000     23.000     22.000    460.000    171.000    523.000    256.000    269.000    290.000    443.000    370.000    216.000    315.000    286.000    350.000    368.000    442.000    376.000    364.000    442.000    275.000    175.000    151.000     40.000    346.000    295.000     89.000    216.000     89.000    212.000     79.000    149.000    237.000    166.000    360.000    303.000    343.000    362.000    442.000    190.000    112.000    516.000    112.000    357.000    135.000    149.000    475.000    445.000    305.000     40.000    332.000    296.000    140.000    298.000    227.000    168.000    235.000    349.000    103.000    283.000    203.000    570.000    225.000    110.000    110.000    308.000
   416.000    267.000    315.000    219.000    145.000     69.000    303.000    371.000    413.000    105.000     60.000    206.000     96.000    108.000     62.000    420.000    252.000    265.000    340.000    415.000    337.000    121.000    464.000      0.000    185.000    116.000     27.000    427.000    263.000     63.000    174.000    299.000    100.000    223.000     85.000    134.000     71.000     91.000    244.000    100.000    191.000    138.000    365.000    282.000    237.000     25.000    252.000    345.000    208.000    154.000    117.000    145.000    132.000    282.000    212.000    354.000    221.000    279.000    343.000    125.000    369.000     73.000    334.000     98.000    405.000    284.000     50.000    388.000    248.000    150.000    471.000    476.000    298.000    325.000    298.000    333.000    487.000    291.000    148.000    436.000    406.000    307.000     39.000    478.000    410.000      9.000    488.000    446.000    131.000    295.000     74.000    230.000    322.000    289.000    195.000    327.000    249.000    174.000    204.000    283.000    409.000    166.000    104.000    424.000    267.000    338.000    320.000    327.000    435.000    135.000    171.000    422.000    314.000    392.000    404.000    491.000    347.000    241.000    298.000    335.000    431.000    320.000    290.000    322.000    309.000    468.000     95.000    378.000    313.000    401.000    434.000     74.000    100.000    330.000    503.000    143.000    309.000    413.000    239.000    246.000    360.000    390.000    153.000    456.000    304.000    288.000    110.000    255.000    380.000    380.000    252.000
