     0.000      2.478      5.221      5.474      1.726      1.131      2.226      5.239      3.876      3.831      0.746      4.761      1.353      1.467      5.239      4.646      4.488      1.944      4.122      4.434      0.552      5.403      0.571      3.060      2.044      3.651      3.651      2.837      3.652      1.864      3.901      1.747      2.236      4.683      2.468      3.575      2.074      3.355      0.139      1.213      4.033      4.969      5.284      0.612      1.712      3.303      4.091      1.737      5.187      4.422      2.360      3.642      1.352      4.675      3.438      4.295      1.976      1.123      3.069      5.452      1.741      4.932      1.099      4.531      4.300      1.314      1.610      3.033      2.462      3.968      1.169      2.691      5.931      1.825      3.968      1.890      5.233      4.426      2.745      3.313      0.079      0.983      0.741      2.896      3.191      4.046      2.173      4.837      1.061      1.005      5.090      1.471      3.004      1.023      2.927      1.992      5.606      0.957      4.922      4.648      2.567      1.468      4.523      1.470      3.953      3.464      1.643      5.367      3.983      2.166      2.630      2.261      4.561      2.149      2.964      4.701      1.709      1.862      4.598      4.968      4.665      1.675      3.548      4.566      3.019      2.304      3.194      4.138      0.684      2.097      4.888      2.013      1.517      5.111      5.057      5.075      2.705      1.694      1.530      3.034      1.542      4.163      2.289      3.619      1.969      3.870      3.740      4.269      1.269      1.269      1.593
     2.478      0.000      5.294      3.988      2.878      3.609      0.674      4.813      3.961      2.322      2.973      5.299      1.912      1.619      5.426      3.347      5.237      0.541      5.134      3.851      2.724      6.072      2.936      3.040      0.728      4.244      1.680      0.935      2.023      3.515      2.761      2.520      3.509      3.681      0.111      4.683      0.605      3.490      2.397      3.676      4.107      4.668      3.803      1.870      0.914      3.677      3.969      2.385      4.339      3.768      0.480      1.958      3.787      3.756      3.435      3.454      1.784      3.137      2.357      4.867      3.560      4.929      3.576      4.722      3.491      1.188      1.001      4.378      0.282      4.240      2.011      0.283      4.540      2.487      4.638      2.360      4.263      2.930      0.736      3.498      2.451      2.223      3.217      1.009      1.527      2.428      0.993      5.398      1.538      2.234      3.926      3.756      0.648      3.396      2.948      0.882      4.273      2.967      4.296      4.460      0.497      2.350      3.340      1.414      4.053      3.446      1.877      5.279      4.991      0.462      2.513      0.259      3.853      2.324      3.778      4.384      0.983      0.695      2.859      4.873      4.802      0.806      3.927      5.168      3.854      1.674      3.823      2.526      3.070      1.817      4.288      3.905      2.155      4.562      4.206      5.230      0.690      1.419      3.486      3.880      1.197      2.364      1.433      4.627      0.511      3.559      2.577      4.445      2.182      2.182      3.396
     5.221      5.294      0.000      3.327      3.511      5.575      5.792      1.066      1.392      3.518      4.747      0.999      4.077      4.189      0.257      2.927      1.455      5.108      2.021      1.696      4.766      1.423      4.973      2.327      5.704      1.667      4.324      6.228      3.771      3.707      2.903      3.495      3.171      2.352      5.397      2.316      4.792      1.922      5.313      5.382      1.232      0.885      3.287      5.188      4.731      1.918      1.325      3.538      1.951      1.824      5.694      3.860      5.255      2.195      1.909      2.213      3.710      4.391      2.948      1.395      3.946      0.372      5.522      0.692      2.157      4.940      5.526      2.857      5.015      1.253      4.188      5.168      3.221      3.433      1.521      3.421      2.200      3.340      4.662      1.946      5.288      4.276      5.483      6.303      4.016      3.636      4.337      1.039      5.492      4.251      2.608      4.782      5.059      4.980      2.448      4.528      3.013      4.455      1.550      0.892      4.829      3.786      2.733      4.374      1.304      1.890      3.863      0.350      2.036      5.527      2.870      5.108      1.848      3.250      2.348      1.068      5.637      5.438      3.802      0.489      0.556      5.080      1.674      1.161      2.317      3.662      2.068      3.606      5.007      3.621      1.509      3.973      3.811      1.344      1.972      0.203      4.690      4.184      4.186      2.313      5.694      3.945      3.887      2.148      5.221      1.748      3.024      0.953      4.020      4.020      3.983
     5.474      3.988      3.327      0.000      4.361      6.366      4.659      2.280      2.972      1.717      5.441      4.081      4.140      4.010      3.579      0.852      4.385      4.170      4.745      1.872      5.301      4.719      5.579      2.944      4.679      3.781      2.337      4.772      1.985      4.993      1.590      4.035      4.544      1.145      4.094      4.684      3.834      3.059      5.488      6.283      2.966      2.451      0.193      5.080      4.043      3.391      2.646      3.957      1.379      1.761      4.467      2.039      6.264      1.276      2.868      1.535      3.505      5.279      2.457      2.022      5.209      3.044      6.315      3.289      1.573      4.452      4.771      4.901      3.747      3.296      4.335      3.730      0.565      3.933      4.012      3.786      1.130      1.086      3.266      3.130      5.503      4.576      6.083      4.826      2.503      1.566      3.481      4.167      5.083      4.561      0.741      5.930      3.421      5.856      3.028      3.719      0.416      5.220      1.791      2.591      3.522      4.201      1.031      4.047      3.001      2.844      3.851      3.053      4.670      4.418      3.057      3.961      1.647      3.492      4.006      2.355      4.822      4.523      1.170      2.871      3.230      4.321      3.412      4.121      4.045      3.171      3.759      1.467      5.682      3.385      1.839      5.445      4.056      1.984      1.357      3.430      3.316      3.806      5.344      4.066      4.990      1.646      3.216      4.515      4.251      2.377      1.738      3.189      4.301      4.301      5.132
     1.726      2.878      3.511      4.361      0.000      2.161      3.037      3.638      2.206      2.989      1.261      3.041      0.979      1.261      3.518      3.511      2.793      2.420      2.491      2.949      1.255      3.708      1.475      1.530      2.881      1.925      3.203      3.640      2.943      0.724      2.799      0.411      0.648      3.373      2.935      1.965      2.277      1.714      1.831      2.016      2.357      3.343      4.186      1.831      1.984      1.603      2.464      0.547      3.751      2.969      3.052      2.976      1.951      3.322      1.835      2.950      1.254      0.969      1.943      3.893      0.885      3.239      2.106      2.819      2.938      1.917      2.532      1.537      2.693      2.258      0.943      2.941      4.720      0.495      2.252      0.668      3.850      3.452      2.676      1.660      1.797      0.879      2.000      3.716      2.665      3.230      2.013      3.120      2.256      0.854      3.822      1.574      3.094      1.582      1.410      2.019      4.388      0.978      3.411      3.007      2.648      0.531      3.335      1.476      2.276      1.864      1.021      3.678      2.347      2.835      1.305      2.620      3.119      0.923      1.244      3.095      2.660      2.603      3.770      3.291      2.956      2.238      1.837      2.850      1.303      1.590      1.468      3.299      1.527      1.309      3.370      1.188      0.724      3.558      3.633      3.358      2.663      1.468      0.985      1.320      2.618      3.459      1.763      1.970      2.515      2.334      2.690      2.564      0.742      0.742      0.779
     1.131      3.609      5.575      6.366      2.161      0.000      3.328      5.794      4.344      4.800      0.932      4.936      2.257      2.457      5.541      5.519      4.580      3.074      4.107      5.101      1.072      5.465      0.794      3.681      3.148      3.916      4.715      3.922      4.656      1.881      4.777      2.378      2.405      5.469      3.598      3.571      3.191      3.870      1.219      0.246      4.488      5.494      6.181      1.741      2.824      3.722      4.618      2.431      5.895      5.113      3.475      4.656      0.453      5.436      3.996      5.056      2.888      1.201      3.912      6.054      1.655      5.339      0.055      4.888      5.051      2.440      2.718      2.965      3.588      4.345      2.059      3.820      6.780      2.478      4.156      2.602      5.978      5.361      3.850      3.813      1.161      1.803      0.397      3.976      4.228      5.027      3.244      4.994      2.153      1.814      5.903      0.900      4.128      0.595      3.555      3.085      6.450      1.189      5.569      5.153      3.684      2.173      5.370      2.516      4.406      4.025      2.535      5.779      3.987      3.287      3.363      3.391      5.261      2.894      3.227      5.252      2.808      2.984      5.585      5.410      5.033      2.806      3.930      4.726      3.261      3.249      3.510      5.114      0.684      3.001      5.528      1.749      2.310      5.719      5.773      5.404      3.812      2.712      1.403      3.266      2.623      5.178      3.286      3.667      3.100      4.492      4.633      4.656      2.067      2.067      1.594
     2.226      0.674      5.792      4.659      3.037      3.328      0.000      5.385      4.426      2.981      2.842      5.707      2.064      1.808      5.906      4.002      5.598      0.689      5.433      4.429      2.590      6.466      2.753      3.487      0.182      4.613      2.353      0.630      2.687      3.590      3.390      2.734      3.685      4.311      0.573      4.947      1.003      3.928      2.117      3.436      4.579      5.219      4.473      1.625      1.110      4.072      4.473      2.613      4.960      4.355      0.216      2.624      3.577      4.378      3.898      4.060      2.137      3.084      2.901      5.462      3.590      5.434      3.304      5.187      4.093      1.135      0.617      4.573      0.917      4.677      2.102      0.947      5.209      2.726      5.003      2.631      4.898      3.595      1.396      3.926      2.180      2.253      2.932      0.699      2.182      3.096      1.461      5.803      1.175      2.270      4.576      3.631      1.300      3.222      3.381      1.265      4.937      2.902      4.888      4.988      1.144      2.510      3.985      1.587      4.518      3.913      2.122      5.805      5.287      0.269      2.944      0.731      4.450      2.666      4.080      4.932      0.521      0.435      3.533      5.393      5.280      0.802      4.332      5.560      4.154      2.130      4.169      3.195      2.882      2.202      4.877      3.927      2.345      5.148      4.826      5.712      1.347      1.691      3.470      4.179      0.717      3.037      1.908      4.914      0.577      4.084      3.204      4.907      2.298      2.298      3.421
     5.239      4.813      1.066      2.280      3.638      5.794      5.385      0.000      1.474      2.756      4.897      1.957      3.960      3.996      1.323      1.989      2.356      4.729      2.850      0.962      4.861      2.487      5.103      2.180      5.326      2.149      3.594      5.739      3.044      4.020      2.159      3.500      3.479      1.413      4.921      2.995      4.389      1.925      5.309      5.633      1.350      0.331      2.257      5.082      4.408      2.100      1.176      3.502      0.901      1.055      5.254      3.133      5.540      1.266      1.811      1.418      3.464      4.594      2.488      0.360      4.265      0.859      5.740      1.271      1.370      4.696      5.225      3.427      4.531      1.599      4.109      4.641      2.155      3.417      2.192      3.352      1.149      2.448      4.118      1.981      5.296      4.257      5.633      5.810      3.388      2.824      3.934      2.024      5.301      4.235      1.584      5.099      4.469      5.206      2.313      4.153      1.951      4.616      0.586      0.673      4.322      3.772      1.825      4.146      1.429      1.783      3.701      0.774      2.823      5.116      2.654      4.665      1.003      3.114      2.696      0.543      5.322      5.083      2.885      0.679      1.152      4.756      1.946      2.061      2.694      3.313      2.392      2.774      5.163      3.355      0.567      4.374      3.736      0.316      0.946      1.202      4.155      3.924      4.479      2.702      5.417      3.111      3.502      2.815      4.838      1.383      2.316      1.334      3.976      3.976      4.261
     3.876      3.961      1.392      2.972      2.206      4.344      4.426      1.474      0.000      2.496      3.466      1.416      2.690      2.797      1.481      2.281      1.539      3.739      1.791      1.117      3.453      2.196      3.681      0.942      4.330      0.813      3.210      4.889      2.685      2.547      1.929      2.132      2.006      1.828      4.060      1.722      3.433      0.532      3.960      4.174      0.161      1.158      2.857      3.807      3.350      0.628      0.351      2.164      1.866      1.215      4.339      2.768      4.074      1.699      0.528      1.473      2.322      3.142      1.675      1.776      2.792      1.067      4.289      0.762      1.425      3.549      4.139      2.032      3.688      0.360      2.808      3.860      3.112      2.063      1.059      2.038      2.055      2.541      3.374      0.564      3.939      2.912      4.205      4.966      2.814      2.675      2.984      1.518      4.101      2.888      2.254      3.627      3.793      3.751      1.058      3.162      2.811      3.179      1.423      0.812      3.516      2.420      2.058      2.983      0.092      0.515      2.472      1.493      1.705      4.164      1.487      3.760      1.344      1.858      1.232      0.947      4.251      4.060      3.005      1.092      0.856      3.698      0.493      1.349      1.238      2.301      0.930      2.677      3.731      2.238      1.370      2.903      2.429      1.472      1.789      1.290      3.396      2.796      3.008      1.249      4.304      2.993      2.534      1.548      3.851      0.648      1.984      0.484      2.647      2.647      2.792
     3.831      2.322      3.518      1.717      2.989      4.800      2.981      2.756      2.496      0.000      3.900      3.895      2.543      2.367      3.718      1.026      4.029      2.459      4.188      1.843      3.728      4.659      4.006      1.931      2.985      3.149      0.840      3.173      0.310      3.693      0.615      2.605      3.350      1.431      2.431      3.937      2.120      2.269      3.831      4.748      2.583      2.714      1.525      3.395      2.329      2.597      2.315      2.497      2.102      1.725      2.801      0.393      4.759      1.540      2.107      1.342      1.915      3.808      1.097      2.714      3.874      3.152      4.751      3.140      1.393      2.744      3.056      3.947      2.064      2.853      2.740      2.085      2.245      2.507      3.497      2.340      1.985      0.631      1.586      2.323      3.852      2.998      4.485      3.235      0.800      0.241      1.768      3.996      3.371      2.988      1.612      4.489      1.823      4.338      1.946      2.005      1.960      3.717      2.180      2.626      1.837      2.700      1.045      2.373      2.570      2.098      2.267      3.389      4.073      2.729      1.753      2.266      1.754      2.066      3.069      2.466      3.111      2.815      0.791      3.037      3.160      2.605      2.746      3.844      3.131      1.550      2.921      0.316      4.121      1.806      2.190      4.162      2.522      2.460      1.978      3.525      1.634      2.139      3.956      3.158      3.276      0.520      1.543      3.803      2.543      1.876      0.513      2.917      2.747      2.747      3.763
     0.746      2.973      4.747      5.441      1.261      0.932      2.842      4.897      3.466      3.900      0.000      4.190      1.371      1.607      4.736      4.592      3.879      2.434      3.469      4.178      0.253      4.787      0.237      2.760      2.661      3.116      3.879      3.469      3.773      1.178      3.851      1.448      1.627      4.537      2.985      2.920      2.473      2.974      0.886      0.849      3.616      4.604      5.256      1.237      2.103      2.856      3.724      1.498      4.968      4.187      2.945      3.781      0.875      4.504      3.090      4.124      1.985      0.405      2.984      5.146      1.020      4.489      0.879      4.055      4.119      1.789      2.232      2.350      2.896      3.500      1.177      3.144      5.850      1.546      3.397      1.670      5.048      4.447      3.084      2.922      0.823      0.911      0.740      3.534      3.372      4.131      2.438      4.258      1.734      0.918      4.970      0.791      3.413      0.451      2.633      2.316      5.518      0.292      4.651      4.268      2.953      1.242      4.440      1.709      3.534      3.119      1.634      4.929      3.335      2.736      2.431      2.731      4.334      1.962      2.419      4.354      2.345      2.440      4.689      4.547      4.196      2.176      3.080      3.987      2.464      2.354      2.682      4.215      0.265      2.094      4.611      1.272      1.388      4.809      4.845      4.586      3.052      1.873      0.793      2.474      2.207      4.299      2.416      2.983      2.486      3.575      3.711      3.809      1.153      1.153      0.889
     4.761      5.299      0.999      4.081      3.041      4.936      5.707      1.957      1.416      3.895      4.190      0.000      3.793      3.967      0.802      3.532      0.468      5.019      1.054      2.261      4.256      0.783      4.426      2.266      5.592      1.129      4.625      6.212      4.097      3.059      3.308      3.138      2.564      2.996      5.392      1.447      4.740      1.815      4.870      4.723      1.313      1.683      4.008      4.840      4.603      1.635      1.589      3.217      2.757      2.388      5.644      4.180      4.572      2.844      1.901      2.738      3.570      3.804      3.080      2.313      3.281      1.098      4.885      0.800      2.683      4.730      5.347      2.043      5.034      1.081      3.861      5.223      4.067      3.102      0.794      3.140      2.998      3.869      4.754      1.801      4.834      3.889      4.904      6.290      4.226      4.061      4.308      0.102      5.211      3.863      3.341      4.087      5.183      4.351      2.352      4.460      3.821      3.901      2.304      1.490      4.878      3.426      3.317      4.176      1.334      1.897      3.635      1.346      1.098      5.454      2.786      5.082      2.466      3.048      1.798      1.727      5.467      5.314      4.339      1.279      0.852      4.939      1.376      0.213      1.742      3.625      1.596      4.053      4.436      3.508      2.253      3.240      3.504      2.172      2.742      0.805      4.773      4.026      3.533      1.728      5.487      4.379      3.867      1.305      5.131      2.020      3.382      0.981      3.671      3.671      3.352
     1.353      1.912      4.077      4.140      0.979      2.257      2.064      3.960      2.690      2.543      1.371      3.793      0.000      0.298      4.136      3.303      3.618      1.442      3.395      3.112      1.186      4.516      1.464      1.795      1.913      2.666      2.520      2.662      2.404      1.606      2.557      0.682      1.624      3.331      1.964      2.893      1.320      2.158      1.391      2.213      2.850      3.711      3.951      1.126      1.008      2.195      2.851      0.580      3.846      3.090      2.074      2.411      2.243      3.326      2.201      2.946      0.636      1.363      1.717      4.147      1.672      3.756      2.208      3.409      2.953      0.966      1.591      2.510      1.747      2.855      0.198      2.000      4.584      0.696      3.038      0.660      3.884      3.111      1.808      2.131      1.393      0.460      1.949      2.738      2.005      2.770      1.135      3.882      1.425      0.453      3.738      2.046      2.194      1.818      1.664      1.083      4.258      1.231      3.602      3.410      1.734      0.448      3.174      0.500      2.776      2.225      0.291      4.175      3.249      1.857      1.310      1.653      3.226      0.848      2.063      3.433      1.717      1.633      3.328      3.764      3.528      1.263      2.458      3.623      2.134      0.992      2.202      2.856      1.580      0.754      3.572      2.016      0.293      3.807      3.714      3.956      1.786      0.551      1.639      2.156      1.707      2.929      1.046      2.872      1.536      2.578      2.401      3.132      0.279      0.279      1.514
     1.467      1.619      4.189      4.010      1.261      2.457      1.808      3.996      2.797      2.367      1.607      3.967      0.298      0.000      4.264      3.188      3.819      1.164      3.627      3.113      1.400      4.706      1.671      1.872      1.667      2.850      2.273      2.393      2.203      1.903      2.447      0.928      1.900      3.266      1.674      3.139      1.024      2.269      1.478      2.435      2.957      3.766      3.819      1.115      0.724      2.346      2.926      0.805      3.814      3.079      1.803      2.201      2.482      3.275      2.289      2.900      0.547      1.640      1.645      4.161      1.970      3.855      2.410      3.536      2.913      0.764      1.381      2.781      1.450      2.991      0.446      1.702      4.476      0.918      3.231      0.835      3.834      2.958      1.519      2.251      1.494      0.708      2.124      2.469      1.773      2.586      0.850      4.059      1.312      0.709      3.654      2.315      1.899      2.058      1.746      0.786      4.155      1.497      3.604      3.479      1.438      0.731      3.075      0.222      2.886      2.310      0.333      4.264      3.482      1.588      1.349      1.361      3.208      0.941      2.280      3.482      1.503      1.384      3.142      3.850      3.647      1.007      2.610      3.806      2.353      0.839      2.393      2.677      1.795      0.667      3.577      2.313      0.544      3.823      3.681      4.079      1.495      0.268      1.931      2.377      1.522      2.722      0.831      3.107      1.263      2.616      2.280      3.255      0.576      0.576      1.811
     5.239      5.426      0.257      3.579      3.518      5.541      5.906      1.323      1.481      3.718      4.736      0.802      4.136      4.264      0.000      3.161      1.269      5.219      1.850      1.915      4.768      1.167      4.965      2.423      5.811      1.625      4.513      6.358      3.962      3.664      3.105      3.531      3.137      2.589      5.527      2.189      4.910      1.998      5.336      5.342      1.327      1.131      3.536      5.236      4.831      1.950      1.470      3.585      2.205      2.044      5.815      4.051      5.206      2.432      2.008      2.430      3.802      4.369      3.095      1.651      3.899      0.572      5.488      0.729      2.374      5.022      5.617      2.755      5.150      1.284      4.237      5.310      3.478      3.476      1.423      3.477      2.454      3.564      4.811      2.013      5.308      4.309      5.468      6.434      4.186      3.845      4.459      0.826      5.558      4.284      2.856      4.728      5.216      4.948      2.537      4.641      3.269      4.443      1.797      1.098      4.970      3.824      2.964      4.456      1.390      1.993      3.935      0.593      1.880      5.642      2.968      5.233      2.078      3.324      2.320      1.294      5.730      5.541      4.029      0.721      0.626      5.178      1.695      0.987      2.281      3.778      2.055      3.818      4.992      3.719      1.754      3.904      3.863      1.597      2.222      0.198      4.837      4.275      4.144      2.275      5.779      4.157      4.008      2.029      5.332      1.908      3.217      1.009      4.062      4.062      3.947
     4.646      3.347      2.927      0.852      3.511      5.519      4.002      1.989      2.281      1.026      4.592      3.532      3.303      3.188      3.161      0.000      3.776      3.457      4.072      1.274      4.456      4.236      4.733      2.119      4.000      3.066      1.805      4.197      1.332      4.150      0.746      3.183      3.711      0.580      3.456      3.951      3.111      2.282      4.665      5.433      2.306      2.050      0.676      4.276      3.282      2.622      1.989      3.106      1.181      1.146      3.825      1.407      5.412      0.734      2.091      0.810      2.671      4.427      1.608      1.852      4.363      2.594      5.467      2.733      0.861      3.676      4.044      4.117      3.086      2.628      3.497      3.111      1.289      3.081      3.340      2.935      1.011      0.491      2.610      2.351      4.678      3.733      5.242      4.258      1.821      0.970      2.723      3.626      4.313      3.718      0.592      5.079      2.843      5.005      2.195      2.964      0.974      4.369      1.410      2.084      2.859      3.351      0.223      3.240      2.326      2.070      3.013      2.719      3.982      3.747      2.206      3.281      1.086      2.641      3.215      1.870      4.107      3.818      0.897      2.441      2.705      3.581      2.677      3.537      3.260      2.350      2.987      0.889      4.835      2.550      1.440      4.605      3.210      1.674      1.081      2.987      2.658      2.997      4.494      3.282      4.261      1.192      2.417      3.790      3.547      1.646      0.908      2.579      3.457      3.457      4.283
     4.488      5.237      1.455      4.385      2.793      4.580      5.598      2.356      1.539      4.029      3.879      0.468      3.618      3.819      1.269      3.776      0.000      4.917      0.589      2.527      3.966      0.916      4.116      2.259      5.472      0.993      4.711      6.131      4.203      2.720      3.469      2.944      2.258      3.269      5.325      1.029      4.659      1.824      4.604      4.360      1.479      2.059      4.297      4.618      4.488      1.571      1.790      3.038      3.104      2.648      5.552      4.283      4.200      3.122      1.950      2.968      3.471      3.483      3.125      2.715      2.930      1.504      4.531      1.114      2.916      4.575      5.198      1.640      4.982      1.179      3.665      5.185      4.416      2.922      0.599      2.984      3.337      4.072      4.741      1.793      4.564      3.663      4.575      6.209      4.277      4.213      4.245      0.471      5.017      3.637      3.645      3.713      5.178      4.005      2.323      4.376      4.153      3.594      2.641      1.820      4.842      3.223      3.556      4.035      1.474      1.953      3.491      1.797      0.648      5.354      2.740      5.008      2.744      2.934      1.563      2.057      5.322      5.191      4.539      1.680      1.209      4.813      1.342      0.299      1.497      3.573      1.429      4.216      4.115      3.423      2.587      2.857      3.325      2.542      3.074      1.256      4.755      3.908      3.184      1.477      5.324      4.531      3.817      0.914      5.027      2.183      3.519      1.202      3.467      3.467      3.016
     1.944      0.541      5.108      4.170      2.420      3.074      0.689      4.729      3.739      2.459      2.434      5.019      1.442      1.164      5.219      3.457      4.917      0.000      4.766      3.780      2.185      5.780      2.395      2.799      0.599      3.929      1.963      1.233      2.187      3.024      2.800      2.089      3.063      3.715      0.554      4.291      0.350      3.239      1.867      3.137      3.892      4.552      3.980      1.339      0.441      3.385      3.793      1.961      4.349      3.713      0.643      2.139      3.247      3.770      3.211      3.437      1.450      2.609      2.242      4.823      3.054      4.753      3.041      4.500      3.466      0.648      0.606      3.944      0.545      3.988      1.515      0.752      4.704      2.071      4.320      1.964      4.305      3.088      0.957      3.237      1.920      1.709      2.684      1.310      1.668      2.608      0.796      5.115      1.056      1.722      4.013      3.219      1.089      2.855      2.692      0.582      4.415      2.436      4.249      4.313      0.716      1.889      3.415      0.945      3.831      3.226      1.459      5.128      4.621      0.437      2.256      0.322      3.815      1.982      3.410      4.265      0.652      0.364      3.096      4.716      4.593      0.268      3.643      4.874      3.485      1.447      3.489      2.708      2.529      1.513      4.235      3.398      1.708      4.503      4.214      5.026      0.907      1.014      2.967      3.510      0.826      2.607      1.233      4.250      0.113      3.411      2.613      4.219      1.698      1.698      2.888
     4.122      5.134      2.021      4.745      2.491      4.107      5.433      2.850      1.791      4.188      3.469      1.054      3.395      3.627      1.850      4.072      0.589      4.766      0.000      2.874      3.583      1.367      3.705      2.305      5.294      1.039      4.801      5.996      4.326      2.292      3.671      2.713      1.892      3.607      5.214      0.548      4.539      1.920      4.246      3.879      1.780      2.536      4.640      4.318      4.328      1.604      2.101      2.825      3.529      2.985      5.408      4.399      3.708      3.469      2.082      3.264      3.350      3.065      3.197      3.209      2.480      2.022      4.060      1.579      3.215      4.361      4.986      1.143      4.894      1.451      3.412      5.114      4.830      2.710      0.734      2.803      3.750      4.314      4.706      1.870      4.200      3.370      4.136      6.074      4.329      4.391      4.154      1.059      4.747      3.346      4.014      3.222      5.149      3.548      2.337      4.256      4.549      3.195      3.063      2.257      4.777      2.971      3.849      3.848      1.750      2.094      3.311      2.353      0.146      5.201      2.712      4.893      3.100      2.811      1.357      2.486      5.112      5.012      4.771      2.188      1.700      4.634      1.444      0.864      1.282      3.510      1.341      4.408      3.691      3.322      3.008      2.363      3.103      3.001      3.483      1.819      4.714      3.752      2.733      1.256      5.092      4.704      3.751      0.523      4.873      2.431      3.693      1.583      3.209      3.209      2.586
     4.434      3.851      1.696      1.872      2.949      5.101      4.429      0.962      1.117      1.843      4.178      2.261      3.112      3.113      1.915      1.274      2.527      3.780      2.874      0.000      4.107      2.963      4.366      1.420      4.375      1.930      2.670      4.777      2.115      3.450      1.231      2.738      2.937      0.742      3.960      2.838      3.437      1.334      4.491      4.965      1.096      0.872      1.773      4.219      3.474      1.623      0.778      2.714      0.812      0.130      4.295      2.205      4.897      0.597      1.161      0.516      2.570      3.918      1.543      1.053      3.688      1.343      5.046      1.461      0.461      3.782      4.291      3.121      3.569      1.426      3.277      3.679      1.998      2.645      2.142      2.551      0.960      1.650      3.156      1.404      4.485      3.454      4.897      4.848      2.432      1.945      2.984      2.354      4.400      3.432      1.142      4.491      3.510      4.530      1.545      3.209      1.695      3.912      0.491      0.820      3.360      2.986      1.063      3.245      1.136      1.132      2.838      1.546      2.801      4.160      1.806      3.707      0.228      2.285      2.262      0.630      4.383      4.137      2.117      1.208      1.432      3.819      1.586      2.275      2.286      2.384      1.982      1.911      4.441      2.455      0.465      3.859      2.917      0.724      0.708      1.733      3.193      3.015      3.872      2.302      4.488      2.251      2.561      2.665      3.888      0.627      1.374      1.325      3.166      3.166      3.651
     0.552      2.724      4.766      5.301      1.255      1.072      2.590      4.861      3.453      3.728      0.253      4.256      1.186      1.400      4.768      4.456      3.966      2.185      3.583      4.107      0.000      4.879      0.278      2.699      2.409      3.161      3.671      3.217      3.589      1.314      3.712      1.370      1.708      4.429      2.735      3.035      2.232      2.947      0.687      1.035      3.607      4.576      5.115      0.990      1.861      2.857      3.694      1.398      4.886      4.108      2.693      3.592      1.094      4.405      3.050      4.024      1.816      0.575      2.851      5.096      1.189      4.494      1.022      4.074      4.022      1.538      1.980      2.485      2.653      3.513      0.989      2.899      5.725      1.463      3.462      1.567      4.955      4.290      2.853      2.899      0.632      0.731      0.794      3.282      3.172      3.956      2.217      4.328      1.489      0.743      4.856      1.043      3.173      0.680      2.569      2.084      5.395      0.404      4.587      4.245      2.715      1.130      4.313      1.485      3.526      3.078      1.463      4.932      3.446      2.483      2.330      2.483      4.253      1.852      2.466      4.318      2.094      2.187      4.514      4.542      4.212      1.925      3.092      4.057      2.517      2.178      2.714      4.043      0.395      1.930      4.549      1.472      1.248      4.757      4.760      4.611      2.820      1.662      0.986      2.530      1.959      4.112      2.222      3.085      2.235      3.517      3.565      3.820      1.000      1.000      1.041
     5.403      6.072      1.423      4.719      3.708      5.465      6.466      2.487      2.196      4.659      4.787      0.783      4.516      4.706      1.167      4.236      0.916      5.780      1.367      2.963      4.879      0.000      5.024      3.045      6.346      1.857      5.401      6.981      4.869      3.621      4.064      3.847      3.171      3.680      6.164      1.894      5.508      2.595      5.520      5.240      2.086      2.270      4.664      5.531      5.358      2.398      2.344      3.937      3.355      3.092      6.409      4.954      5.072      3.524      2.684      3.460      4.330      4.389      3.863      2.817      3.824      1.675      5.417      1.525      3.404      5.466      6.087      2.503      5.809      1.864      4.570      6.001      4.641      3.820      1.478      3.873      3.604      4.599      5.536      2.579      5.479      4.575      5.476      7.059      5.008      4.817      5.080      0.681      5.923      4.550      3.986      4.585      5.965      4.898      3.128      5.226      4.424      4.505      2.928      2.155      5.657      4.130      4.026      4.919      2.112      2.680      4.375      1.752      1.480      6.216      3.560      5.852      3.153      3.801      2.473      2.380      6.209      6.066      5.070      1.849      1.532      5.690      2.146      0.906      2.408      4.399      2.315      4.805      5.020      4.273      2.881      3.726      4.224      2.750      3.362      1.292      5.554      4.779      4.078      2.390      6.219      5.135      4.642      1.807      5.891      2.784      4.146      1.744      4.374      4.374      3.918
     0.571      2.936      4.973      5.579      1.475      0.794      2.753      5.103      3.681      4.006      0.237      4.426      1.464      1.671      4.965      4.733      4.116      2.395      3.705      4.366      0.278      5.024      0.000      2.952      2.571      3.348      3.938      3.374      3.864      1.414      3.989      1.628      1.863      4.701      2.939      3.157      2.467      3.183      0.708      0.770      3.832      4.814      5.392      1.129      2.097      3.076      3.932      1.665      5.149      4.370      2.871      3.867      0.853      4.674      3.293      4.293      2.094      0.640      3.127      5.345      1.250      4.711      0.744      4.281      4.290      1.748      2.137      2.585      2.881      3.724      1.266      3.123      6.000      1.723      3.632      1.834      5.222      4.568      3.103      3.132      0.642      1.009      0.531      3.436      3.444      4.234      2.477      4.494      1.612      1.021      5.129      0.901      3.410      0.469      2.823      2.334      5.670      0.525      4.842      4.480      2.955      1.399      4.589      1.745      3.751      3.321      1.741      5.150      3.572      2.667      2.598      2.702      4.516      2.123      2.651      4.560      2.244      2.366      4.791      4.765      4.421      2.131      3.303      4.223      2.697      2.456      2.911      4.320      0.134      2.208      4.804      1.485      1.524      5.007      5.024      4.814      3.069      1.930      1.015      2.707      2.091      4.387      2.496      3.221      2.438      3.769      3.843      4.033      1.277      1.277      1.123
     3.060      3.040      2.327      2.944      1.530      3.681      3.487      2.180      0.942      1.931      2.760      2.266      1.795      1.872      2.423      2.119      2.259      2.799      2.305      1.420      2.699      3.045      2.952      0.000      3.389      1.290      2.497      3.963      2.034      2.076      1.509      1.330      1.602      1.880      3.136      2.010      2.499      0.451      3.129      3.545      1.098      1.919      2.785      2.920      2.408      0.703      1.058      1.323      2.221      1.439      3.405      2.103      3.481      1.812      0.419      1.453      1.382      2.499      0.892      2.398      2.305      1.986      3.626      1.701      1.433      2.616      3.199      2.040      2.772      1.200      1.934      2.957      3.243      1.242      1.674      1.173      2.326      2.197      2.492      0.469      3.116      2.078      3.484      4.039      2.030      2.153      2.055      2.366      3.183      2.055      2.337      3.086      2.925      3.110      0.133      2.225      2.913      2.492      1.891      1.615      2.613      1.594      1.917      2.050      1.033      0.438      1.555      2.392      2.179      3.226      0.545      2.831      1.589      0.947      1.145      1.645      3.310      3.119      2.608      1.978      1.798      2.756      0.917      2.149      1.204      1.370      0.994      2.188      3.024      1.296      1.852      2.513      1.559      2.059      2.104      2.231      2.510      1.857      2.472      1.230      3.368      2.451      1.608      1.883      2.912      0.817      1.475      1.420      1.796      1.796      2.253
