     0.000    197.000     52.000    261.000    369.000    352.000    445.000     37.000    169.000    321.000    220.000    393.000    195.000    146.000    142.000     37.000     49.000    230.000    171.000     80.000    460.000    328.000     96.000    226.000    274.000    497.000    390.000    451.000    353.000    215.000    372.000    132.000     49.000    145.000     28.000    175.000    336.000    218.000    411.000    411.000    347.000
   197.000      0.000    148.000    107.000    173.000    156.000    313.000    178.000    109.000    153.000    183.000    342.000    203.000    198.000     57.000    172.000    148.000     55.000     39.000    130.000    366.000    246.000    203.000     70.000    284.000    408.000    193.000    255.000    353.000    126.000    176.000    217.000    212.000    128.000    171.000    173.000    387.000    335.000    335.000    335.000    154.000
    52.000    148.000      0.000    222.000    318.000    301.000    396.000     53.000    120.000    268.000    179.000    357.000    192.000    121.000     91.000     47.000     15.000    178.000    119.000     54.000    417.000    284.000    114.000    173.000    248.000    455.000    341.000    403.000    328.000    166.000    324.000    118.000     68.000    125.000     24.000    137.000    324.000    225.000    370.000    370.000    300.000
   261.000    107.000    222.000      0.000    182.000    165.000    385.000    230.000    216.000    219.000    291.000    442.000    169.000    301.000    150.000    226.000    216.000    146.000    145.000    181.000    453.000    344.000    225.000    167.000    391.000    495.000    176.000    211.000    459.000    231.000    147.000    316.000    291.000    131.000    242.000    279.000    494.000    434.000    429.000    429.000    113.000
   369.000    173.000    318.000    182.000      0.000     17.000    238.000    352.000    234.000    105.000    270.000    353.000    346.000    331.000    227.000    346.000    320.000    143.000    199.000    303.000    327.000    259.000    373.000    155.000    362.000    366.000     43.000    116.000    406.000    212.000     60.000    358.000    378.000    288.000    342.000    288.000    471.000    467.000    323.000    323.000     85.000
   352.000    156.000    301.000    165.000     17.000      0.000    244.000    335.000    221.000    101.000    261.000    352.000    329.000    318.000    210.000    329.000    303.000    128.000    182.000    286.000    331.000    256.000    356.000    142.000    354.000    371.000     48.000    123.000    401.000    200.000     57.000    344.000    362.000    270.000    326.000    277.000    464.000    455.000    324.000    324.000     74.000
   445.000    313.000    396.000    385.000    238.000    244.000      0.000    448.000    276.000    166.000    238.000    173.000    516.000    329.000    333.000    441.000    407.000    257.000    305.000    415.000    100.000    137.000    497.000    245.000    267.000    132.000    276.000    336.000    261.000    229.000    299.000    359.000    425.000    439.000    417.000    283.000    353.000    423.000    125.000    125.000    319.000
    37.000    178.000     53.000    230.000    352.000    335.000    448.000      0.000    172.000    314.000    233.000    410.000    158.000    169.000    127.000      6.000     40.000    218.000    158.000     50.000    471.000    338.000     64.000    217.000    298.000    509.000    370.000    427.000    378.000    218.000    350.000    160.000     85.000    110.000     42.000    191.000    367.000    254.000    424.000    424.000    323.000
   169.000    109.000    120.000    216.000    234.000    221.000    276.000    172.000      0.000    160.000     79.000    253.000    271.000     98.000     80.000    165.000    131.000     95.000     71.000    145.000    301.000    169.000    225.000     79.000    176.000    341.000    267.000    339.000    248.000     46.000    260.000    123.000    157.000    191.000    141.000     64.000    277.000    236.000    258.000    258.000    247.000
   321.000    153.000    268.000    219.000    105.000    101.000    166.000    314.000    160.000      0.000    174.000    251.000    355.000    248.000    187.000    307.000    275.000    100.000    157.000    272.000    239.000    155.000    351.000     96.000    260.000    280.000    147.000    221.000    301.000    124.000    158.000    277.000    316.000    282.000    292.000    201.000    368.000    377.000    225.000    225.000    167.000
   220.000    183.000    179.000    291.000    270.000    261.000    238.000    233.000     79.000    174.000      0.000    178.000    349.000     91.000    159.000    227.000    194.000    154.000    149.000    217.000    240.000    109.000    293.000    132.000    101.000    277.000    309.000    384.000    169.000     63.000    309.000    120.000    191.000    269.000    195.000     45.000    208.000    204.000    191.000    191.000    304.000
   393.000    342.000    357.000    442.000    353.000    352.000    173.000    410.000    253.000    251.000    178.000      0.000    525.000    250.000    332.000    404.000    372.000    296.000    315.000    396.000    100.000     99.000    471.000    275.000    135.000    119.000    396.000    467.000     94.000    218.000    409.000    272.000    357.000    445.000    370.000    219.000    189.000    292.000     49.000     49.000    417.000
   195.000    203.000    192.000    169.000    346.000    329.000    516.000    158.000    271.000    355.000    349.000    525.000      0.000    311.000    193.000    160.000    177.000    258.000    215.000    139.000    564.000    437.000    107.000    271.000    434.000    605.000    345.000    378.000    512.000    309.000    317.000    310.000    243.000     80.000    195.000    316.000    516.000    412.000    527.000    527.000    283.000
   146.000    198.000    121.000    301.000    331.000    318.000    329.000    169.000     98.000    248.000     91.000    250.000    311.000      0.000    151.000    164.000    136.000    194.000    159.000    172.000    325.000    198.000    233.000    177.000    129.000    359.000    365.000    437.000    208.000    124.000    358.000     30.000    107.000    238.000    127.000     48.000    205.000    138.000    273.000    273.000    345.000
   142.000     57.000     91.000    150.000    227.000    210.000    333.000    127.000     80.000    187.000    159.000    332.000    193.000    151.000      0.000    121.000     93.000     90.000     30.000     84.000    372.000    243.000    165.000     91.000    253.000    413.000    249.000    313.000    328.000    116.000    233.000    166.000    155.000    113.000    115.000    136.000    350.000    284.000    333.000    333.000    211.000
    37.000    172.000     47.000    226.000    346.000    329.000    441.000      6.000    165.000    307.000    227.000    404.000    160.000    164.000    121.000      0.000     33.000    211.000    151.000     46.000    464.000    331.000     69.000    211.000    293.000    502.000    364.000    422.000    372.000    212.000    344.000    156.000     83.000    108.000     37.000    184.000    362.000    252.000    418.000    418.000    318.000
    49.000    148.000     15.000    216.000    320.000    303.000    407.000     40.000    131.000    275.000    194.000    372.000    177.000    136.000     93.000     33.000      0.000    182.000    122.000     41.000    430.000    298.000     99.000    180.000    264.000    469.000    341.000    402.000    343.000    178.000    323.000    133.000     76.000    112.000     26.000    152.000    339.000    238.000    384.000    384.000    298.000
   230.000     55.000    178.000    146.000    143.000    128.000    257.000    218.000     95.000    100.000    154.000    296.000    258.000    194.000     90.000    211.000    182.000      0.000     59.000    173.000    313.000    198.000    252.000     22.000    255.000    355.000    173.000    243.000    317.000     91.000    164.000    218.000    234.000    182.000    202.000    157.000    362.000    332.000    284.000    284.000    152.000
   171.000     39.000    119.000    145.000    199.000    182.000    305.000    158.000     71.000    157.000    149.000    315.000    215.000    159.000     30.000    151.000    122.000     59.000      0.000    115.000    349.000    223.000    195.000     61.000    247.000    390.000    223.000    290.000    319.000     97.000    210.000    178.000    179.000    135.000    143.000    134.000    349.000    296.000    313.000    313.000    191.000
    80.000    130.000     54.000    181.000    303.000    286.000    415.000     50.000    145.000    272.000    217.000    396.000    139.000    172.000     84.000     46.000     41.000    173.000    115.000      0.000    447.000    315.000     81.000    176.000    296.000    487.000    320.000    376.000    375.000    190.000    299.000    171.000    117.000     71.000     65.000    180.000    376.000    279.000    404.000    404.000    272.000
   460.000    366.000    417.000    453.000    327.000    331.000    100.000    471.000    301.000    239.000    240.000    100.000    564.000    325.000    372.000    464.000    430.000    313.000    349.000    447.000      0.000    132.000    527.000    296.000    228.000     41.000    368.000    432.000    195.000    257.000    387.000    351.000    430.000    484.000    434.000    285.000    289.000    388.000     56.000     56.000    404.000
   328.000    246.000    284.000    344.000    259.000    256.000    137.000    338.000    169.000    155.000    109.000     99.000    437.000    198.000    243.000    331.000    298.000    198.000    223.000    315.000    132.000      0.000    395.000    177.000    132.000    171.000    302.000    375.000    150.000    127.000    312.000    226.000    300.000    357.000    302.000    155.000    230.000    285.000     90.000     90.000    319.000
    96.000    203.000    114.000    225.000    373.000    356.000    497.000     64.000    225.000    351.000    293.000    471.000    107.000    233.000    165.000     69.000     99.000    252.000    195.000     81.000    527.000    395.000      0.000    256.000    362.000    566.000    385.000    433.000    441.000    270.000    361.000    224.000    145.000     93.000    106.000    252.000    431.000    314.000    482.000    482.000    330.000
   226.000     70.000    173.000    167.000    155.000    142.000    245.000    217.000     79.000     96.000    132.000    275.000    271.000    177.000     91.000    211.000    180.000     22.000     61.000    176.000    296.000    177.000    256.000      0.000    233.000    338.000    188.000    260.000    295.000     69.000    182.000    202.000    226.000    193.000    198.000    137.000    341.000    314.000    265.000    265.000    172.000
   274.000    284.000    248.000    391.000    362.000    354.000    267.000    298.000    176.000    260.000    101.000    135.000    434.000    129.000    253.000    293.000    264.000    255.000    247.000    296.000    228.000    132.000    362.000    233.000      0.000    254.000    403.000    478.000     79.000    163.000    405.000    145.000    232.000    357.000    256.000    118.000    109.000    160.000    172.000    172.000    403.000
   497.000    408.000    455.000    495.000    366.000    371.000    132.000    509.000    341.000    280.000    277.000    119.000    605.000    359.000    413.000    502.000    469.000    355.000    390.000    487.000     41.000    171.000    566.000    338.000    254.000      0.000    406.000    468.000    209.000    297.000    427.000    384.000    465.000    525.000    472.000    322.000    302.000    412.000     86.000     86.000    444.000
   390.000    193.000    341.000    176.000     43.000     48.000    276.000    370.000    267.000    147.000    309.000    396.000    345.000    365.000    249.000    364.000    341.000    173.000    223.000    320.000    368.000    302.000    385.000    188.000    403.000    406.000      0.000     74.000    448.000    249.000     30.000    391.000    403.000    295.000    365.000    324.000    513.000    502.000    365.000    365.000     64.000
   451.000    255.000    403.000    211.000    116.000    123.000    336.000    427.000    339.000    221.000    384.000    467.000    378.000    437.000    313.000    422.000    402.000    243.000    290.000    376.000    432.000    375.000    433.000    260.000    478.000    468.000     74.000      0.000    522.000    323.000     80.000    462.000    468.000    340.000    426.000    398.000    587.000    575.000    434.000    434.000    103.000
   353.000    353.000    328.000    459.000    406.000    401.000    261.000    378.000    248.000    301.000    169.000     94.000    512.000    208.000    328.000    372.000    343.000    317.000    319.000    375.000    195.000    150.000    441.000    295.000     79.000    209.000    448.000    522.000      0.000    227.000    456.000    223.000    310.000    434.000    335.000    195.000     94.000    211.000    143.000    143.000    457.000
   215.000    126.000    166.000    231.000    212.000    200.000    229.000    218.000     46.000    124.000     63.000    218.000    309.000    124.000    116.000    212.000    178.000     91.000     97.000    190.000    257.000    127.000    270.000     69.000    163.000    297.000    249.000    323.000    227.000      0.000    247.000    153.000    200.000    229.000    187.000     78.000    271.000    256.000    217.000    217.000    240.000
   372.000    176.000    324.000    147.000     60.000     57.000    299.000    350.000    260.000    158.000    309.000    409.000    317.000    358.000    233.000    344.000    323.000    164.000    210.000    299.000    387.000    312.000    361.000    182.000    405.000    427.000     30.000     80.000    456.000    247.000      0.000    382.000    388.000    270.000    348.000    320.000    515.000    496.000    381.000    381.000     34.000
   132.000    217.000    118.000    316.000    358.000    344.000    359.000    160.000    123.000    277.000    120.000    272.000    310.000     30.000    166.000    156.000    133.000    218.000    178.000    171.000    351.000    226.000    224.000    202.000    145.000    384.000    391.000    462.000    223.000    153.000    382.000      0.000     87.000    241.000    118.000     78.000    206.000    118.000    298.000    298.000    367.000
    49.000    212.000     68.000    291.000    378.000    362.000    425.000     85.000    157.000    316.000    191.000    357.000    243.000    107.000    155.000     83.000     76.000    234.000    179.000    117.000    430.000    300.000    145.000    226.000    232.000    465.000    403.000    468.000    310.000    200.000    388.000     87.000      0.000    187.000     51.000    145.000    287.000    169.000    379.000    379.000    367.000
   145.000    128.000    125.000    131.000    288.000    270.000    439.000    110.000    191.000    282.000    269.000    445.000     80.000    238.000    113.000    108.000    112.000    182.000    135.000     71.000    484.000    357.000     93.000    193.000    357.000    525.000    295.000    340.000    434.000    229.000    270.000    241.000    187.000      0.000    136.000    238.000    443.000    351.000    447.000    447.000    238.000
    28.000    171.000     24.000    242.000    342.000    326.000    417.000     42.000    141.000    292.000    195.000    370.000    195.000    127.000    115.000     37.000     26.000    202.000    143.000     65.000    434.000    302.000    106.000    198.000    256.000    472.000    365.000    426.000    335.000    187.000    348.000    118.000     51.000    136.000      0.000    151.000    324.000    217.000    386.000    386.000    324.000
   175.000    173.000    137.000    279.000    288.000    277.000    283.000    191.000     64.000    201.000     45.000    219.000    316.000     48.000    136.000    184.000    152.000    157.000    134.000    180.000    285.000    155.000    252.000    137.000    118.000    322.000    324.000    398.000    195.000     78.000    320.000     78.000    145.000    238.000    151.000      0.000    214.000    178.000    236.000    236.000    309.000
   336.000    387.000    324.000    494.000    471.000    464.000    353.000    367.000    277.000    368.000    208.000    189.000    516.000    205.000    350.000    362.000    339.000    362.000    349.000    376.000    289.000    230.000    431.000    341.000    109.000    302.000    513.000    587.000     94.000    271.000    515.000    206.000    287.000    443.000    324.000    214.000      0.000    146.000    237.000    237.000    512.000
   218.000    335.000    225.000    434.000    467.000    455.000    423.000    254.000    236.000    377.000    204.000    292.000    412.000    138.000    284.000    252.000    238.000    332.000    296.000    279.000    388.000    285.000    314.000    314.000    160.000    412.000    502.000    575.000    211.000    256.000    496.000    118.000    169.000    351.000    217.000    178.000    146.000      0.000    332.000    332.000    483.000
   411.000    335.000    370.000    429.000    323.000    324.000    125.000    424.000    258.000    225.000    191.000     49.000    527.000    273.000    333.000    418.000    384.000    284.000    313.000    404.000     56.000     90.000    482.000    265.000    172.000     86.000    365.000    434.000    143.000    217.000    381.000    298.000    379.000    447.000    386.000    236.000    237.000    332.000      0.000      0.000    393.000
   411.000    335.000    370.000    429.000    323.000    324.000    125.000    424.000    258.000    225.000    191.000     49.000    527.000    273.000    333.000    418.000    384.000    284.000    313.000    404.000     56.000     90.000    482.000    265.000    172.000     86.000    365.000    434.000    143.000    217.000    381.000    298.000    379.000    447.000    386.000    236.000    237.000    332.000      0.000      0.000    393.000
   347.000    154.000    300.000    113.000     85.000     74.000    319.000    323.000    247.000    167.000    304.000    417.000    283.000    345.000    211.000    318.000    298.000    152.000    191.000    272.000    404.000    319.000    330.000    172.000    403.000    444.000     64.000    103.000    457.000    240.000     34.000    367.000    367.000    238.000    324.000    309.000    512.000    483.000    393.000    393.000      0.000
