     0.000    696.000    136.000    388.000    536.000    319.000    286.000    577.000    282.000    144.000    582.000    318.000    596.000    183.000    344.000    162.000    244.000    164.000    426.000    146.000    451.000    629.000    480.000    410.000    445.000    300.000    570.000    236.000    242.000    167.000    243.000    586.000    269.000    219.000    534.000    629.000    631.000    600.000    412.000    412.000    210.000
   696.000      0.000    594.000    393.000    425.000    395.000    413.000    496.000    541.000    697.000    134.000    380.000    108.000    702.000    500.000    769.000    828.000    538.000    347.000    720.000    325.000    443.000    281.000    345.000    519.000    500.000    505.000    460.000    624.000    594.000    483.000    145.000    431.000    515.000    387.000     85.000    117.000    239.000    314.000    314.000    564.000
   136.000    594.000      0.000    354.000    399.000    261.000    183.000    442.000    148.000    246.000    471.000    216.000    502.000    132.000    208.000    178.000    250.000     67.000    296.000    132.000    322.000    492.000    355.000    283.000    311.000    163.000    435.000    147.000    131.000    207.000    215.000    472.000    165.000     87.000    398.000    520.000    517.000    473.000    347.000    347.000     76.000
   388.000    393.000    354.000      0.000    512.000    102.000    224.000    588.000    411.000    333.000    337.000    211.000    286.000    487.000    422.000    521.000    600.000    288.000    349.000    481.000    355.000    589.000    344.000    327.000    512.000    384.000    589.000    219.000    459.000    237.000    146.000    355.000    232.000    323.000    484.000    363.000    389.000    438.000     91.000     91.000    378.000
   536.000    425.000    399.000    512.000      0.000    426.000    322.000     79.000    261.000    624.000    303.000    315.000    403.000    431.000    195.000    513.000    536.000    390.000    163.000    470.000    158.000     93.000    183.000    184.000    127.000    236.000     85.000    367.000    333.000    546.000    470.000    285.000    328.000    321.000     38.000    342.000    308.000    189.000    432.000    432.000    327.000
   319.000    395.000    261.000    102.000    426.000      0.000    122.000    499.000    309.000    301.000    307.000    113.000    289.000    393.000    320.000    435.000    511.000    194.000    263.000    392.000    274.000    509.000    273.000    241.000    414.000    282.000    499.000    119.000    358.000    198.000     87.000    320.000    129.000    221.000    401.000    344.000    361.000    382.000     92.000     92.000    278.000
   286.000    413.000    183.000    224.000    322.000    122.000      0.000    390.000    189.000    325.000    296.000     33.000    319.000    303.000    198.000    360.000    427.000    125.000    169.000    313.000    188.000    411.000    204.000    148.000    295.000    160.000    388.000     54.000    249.000    232.000    148.000    300.000     18.000    114.000    304.000    343.000    345.000    325.000    182.000    182.000    171.000
   577.000    496.000    442.000    588.000     79.000    499.000    390.000      0.000    295.000    677.000    379.000    386.000    481.000    451.000    233.000    533.000    544.000    443.000    239.000    494.000    237.000     81.000    262.000    260.000    135.000    280.000     12.000    430.000    355.000    605.000    537.000    360.000    393.000    371.000    115.000    415.000    379.000    256.000    510.000    510.000    366.000
   282.000    541.000    148.000    411.000    261.000    309.000    189.000    295.000      0.000    391.000    408.000    212.000    468.000    177.000     65.000    257.000    296.000    167.000    201.000    212.000    226.000    351.000    268.000    197.000    163.000     41.000    288.000    196.000     85.000    336.000    303.000    402.000    179.000     98.000    266.000    459.000    444.000    371.000    370.000    370.000     72.000
   144.000    697.000    246.000    333.000    624.000    301.000    325.000    677.000    391.000      0.000    602.000    349.000    590.000    326.000    446.000    304.000    383.000    234.000    489.000    290.000    511.000    718.000    530.000    470.000    553.000    398.000    672.000    271.000    372.000    103.000    214.000    611.000    312.000    306.000    615.000    643.000    655.000    650.000    387.000    387.000    320.000
   582.000    134.000    471.000    337.000    303.000    307.000    296.000    379.000    408.000    602.000      0.000    264.000    105.000    572.000    366.000    642.000    698.000    420.000    212.000    593.000    190.000    338.000    146.000    211.000    387.000    367.000    387.000    346.000    492.000    500.000    391.000     22.000    313.000    389.000    265.000     50.000     53.000    136.000    247.000    247.000    435.000
   318.000    380.000    216.000    211.000    315.000    113.000     33.000    386.000    212.000    349.000    264.000      0.000    286.000    335.000    212.000    394.000    460.000    158.000    156.000    346.000    171.000    402.000    182.000    134.000    302.000    179.000    386.000     82.000    278.000    253.000    159.000    269.000     51.000    146.000    293.000    310.000    313.000    301.000    157.000    157.000    202.000
   596.000    108.000    502.000    286.000    403.000    289.000    319.000    481.000    468.000    590.000    105.000    286.000      0.000    618.000    436.000    680.000    743.000    443.000    289.000    632.000    272.000    443.000    231.000    281.000    475.000    427.000    488.000    362.000    547.000    487.000    376.000    127.000    338.000    428.000    365.000     94.000    134.000    241.000    206.000    206.000    480.000
   183.000    702.000    132.000    487.000    431.000    393.000    303.000    451.000    177.000    326.000    572.000    335.000    618.000      0.000    240.000     82.000    126.000    199.000    374.000     46.000    400.000    517.000    440.000    366.000    315.000    215.000    442.000    277.000     97.000    320.000    347.000    569.000    286.000    190.000    441.000    623.000    613.000    547.000    477.000    477.000    138.000
   344.000    500.000    208.000    422.000    195.000    320.000    198.000    233.000     65.000    446.000    366.000    212.000    436.000    240.000      0.000    321.000    354.000    214.000    153.000    276.000    177.000    286.000    221.000    156.000    107.000     48.000    227.000    222.000    144.000    381.000    332.000    357.000    193.000    141.000    201.000    415.000    397.000    314.000    367.000    367.000    133.000
   162.000    769.000    178.000    521.000    513.000    435.000    360.000    533.000    257.000    304.000    642.000    394.000    680.000     82.000    321.000      0.000     82.000    243.000    450.000     48.000    476.000    600.000    515.000    441.000    397.000    293.000    523.000    326.000    179.000    324.000    376.000    641.000    343.000    254.000    523.000    692.000    685.000    625.000    524.000    524.000    209.000
   244.000    828.000    250.000    600.000    536.000    511.000    427.000    544.000    296.000    383.000    698.000    460.000    743.000    126.000    354.000     82.000      0.000    317.000    496.000    119.000    522.000    616.000    563.000    490.000    413.000    336.000    533.000    398.000    211.000    407.000    456.000    694.000    410.000    315.000    551.000    748.000    737.000    667.000    597.000    597.000    264.000
   164.000    538.000     67.000    288.000    390.000    194.000    125.000    443.000    167.000    234.000    420.000    158.000    443.000    199.000    214.000    243.000    317.000      0.000    265.000    198.000    289.000    484.000    316.000    248.000    322.000    165.000    438.000     82.000    181.000    169.000    153.000    423.000    107.000     72.000    382.000    468.000    468.000    437.000    280.000    280.000    105.000
   426.000    347.000    296.000    349.000    163.000    263.000    169.000    239.000    201.000    489.000    212.000    156.000    289.000    374.000    153.000    450.000    496.000    265.000      0.000    402.000     26.000    246.000     67.000     22.000    190.000    160.000    241.000    220.000    286.000    401.000    314.000    204.000    179.000    209.000    138.000    262.000    244.000    176.000    271.000    271.000    241.000
   146.000    720.000    132.000    481.000    470.000    392.000    313.000    494.000    212.000    290.000    593.000    346.000    632.000     46.000    276.000     48.000    119.000    198.000    402.000      0.000    428.000    558.000    466.000    393.000    358.000    246.000    485.000    280.000    138.000    295.000    337.000    592.000    295.000    205.000    478.000    643.000    636.000    577.000    479.000    479.000    161.000
   451.000    325.000    322.000    355.000    158.000    274.000    188.000    237.000    226.000    511.000    190.000    171.000    272.000    400.000    177.000    476.000    522.000    289.000     26.000    428.000      0.000    235.000     44.000     41.000    203.000    186.000    240.000    240.000    311.000    420.000    330.000    180.000    199.000    235.000    129.000    240.000    220.000    150.000    273.000    273.000    267.000
   629.000    443.000    492.000    589.000     93.000    509.000    411.000     81.000    351.000    718.000    338.000    402.000    443.000    517.000    286.000    600.000    616.000    484.000    246.000    558.000    235.000      0.000    248.000    268.000    203.000    328.000     94.000    458.000    420.000    638.000    559.000    317.000    418.000    415.000    108.000    368.000    328.000    205.000    505.000    505.000    419.000
   480.000    281.000    355.000    344.000    183.000    273.000    204.000    262.000    268.000    530.000    146.000    182.000    231.000    440.000    221.000    515.000    563.000    316.000     67.000    466.000     44.000    248.000      0.000     73.000    244.000    227.000    267.000    258.000    353.000    435.000    338.000    136.000    219.000    268.000    148.000    195.000    176.000    121.000    258.000    258.000    305.000
   410.000    345.000    283.000    327.000    184.000    241.000    148.000    260.000    197.000    470.000    211.000    134.000    281.000    366.000    156.000    441.000    490.000    248.000     22.000    393.000     41.000    268.000     73.000      0.000    204.000    156.000    261.000    199.000    281.000    380.000    292.000    205.000    158.000    196.000    160.000    262.000    247.000    190.000    251.000    251.000    231.000
   445.000    519.000    311.000    512.000    127.000    414.000    295.000    135.000    163.000    553.000    387.000    302.000    475.000    315.000    107.000    397.000    413.000    322.000    190.000    358.000    203.000    203.000    244.000    204.000      0.000    156.000    127.000    325.000    219.000    489.000    436.000    373.000    293.000    249.000    152.000    433.000    405.000    299.000    448.000    448.000    235.000
   300.000    500.000    163.000    384.000    236.000    282.000    160.000    280.000     41.000    398.000    367.000    179.000    427.000    215.000     48.000    293.000    336.000    165.000    160.000    246.000    186.000    328.000    227.000    156.000    156.000      0.000    274.000    177.000    126.000    333.000    287.000    361.000    152.000     93.000    236.000    417.000    403.000    332.000    337.000    337.000     92.000
   570.000    505.000    435.000    589.000     85.000    499.000    388.000     12.000    288.000    672.000    387.000    386.000    488.000    442.000    227.000    523.000    533.000    438.000    241.000    485.000    240.000     94.000    267.000    261.000    127.000    274.000      0.000    428.000    346.000    602.000    535.000    368.000    391.000    366.000    122.000    424.000    388.000    266.000    512.000    512.000    360.000
   236.000    460.000    147.000    219.000    367.000    119.000     54.000    430.000    196.000    271.000    346.000     82.000    362.000    277.000    222.000    326.000    398.000     82.000    220.000    280.000    240.000    458.000    258.000    199.000    325.000    177.000    428.000      0.000    240.000    181.000    110.000    352.000     40.000    103.000    351.000    392.000    396.000    379.000    200.000    200.000    159.000
   242.000    624.000    131.000    459.000    333.000    358.000    249.000    355.000     85.000    372.000    492.000    278.000    547.000     97.000    144.000    179.000    211.000    181.000    286.000    138.000    311.000    420.000    353.000    281.000    219.000    126.000    346.000    240.000      0.000    338.000    333.000    487.000    235.000    137.000    344.000    542.000    529.000    456.000    431.000    431.000     81.000
   167.000    594.000    207.000    237.000    546.000    198.000    232.000    605.000    336.000    103.000    500.000    253.000    487.000    320.000    381.000    324.000    407.000    169.000    401.000    295.000    420.000    638.000    435.000    380.000    489.000    333.000    602.000    181.000    338.000      0.000    111.000    510.000    222.000    240.000    532.000    540.000    553.000    554.000    285.000    285.000    271.000
   243.000    483.000    215.000    146.000    470.000     87.000    148.000    537.000    303.000    214.000    391.000    159.000    376.000    347.000    332.000    376.000    456.000    153.000    314.000    337.000    330.000    559.000    338.000    292.000    436.000    287.000    535.000    110.000    333.000    111.000      0.000    402.000    144.000    205.000    451.000    430.000    444.000    454.000    176.000    176.000    254.000
   586.000    145.000    472.000    355.000    285.000    320.000    300.000    360.000    402.000    611.000     22.000    269.000    127.000    569.000    357.000    641.000    694.000    423.000    204.000    592.000    180.000    317.000    136.000    205.000    373.000    361.000    368.000    352.000    487.000    510.000    402.000      0.000    317.000    388.000    247.000     60.000     45.000    113.000    263.000    263.000    432.000
   269.000    431.000    165.000    232.000    328.000    129.000     18.000    393.000    179.000    312.000    313.000     51.000    338.000    286.000    193.000    343.000    410.000    107.000    179.000    295.000    199.000    418.000    219.000    158.000    293.000    152.000    391.000     40.000    235.000    222.000    144.000    317.000      0.000     99.000    311.000    360.000    362.000    340.000    196.000    196.000    156.000
   219.000    515.000     87.000    323.000    321.000    221.000    114.000    371.000     98.000    306.000    389.000    146.000    428.000    190.000    141.000    254.000    315.000     72.000    209.000    205.000    235.000    415.000    268.000    196.000    249.000     93.000    366.000    103.000    137.000    240.000    205.000    388.000     99.000      0.000    316.000    438.000    433.000    385.000    295.000    295.000     57.000
   534.000    387.000    398.000    484.000     38.000    401.000    304.000    115.000    266.000    615.000    265.000    293.000    365.000    441.000    201.000    523.000    551.000    382.000    138.000    478.000    129.000    108.000    148.000    160.000    152.000    236.000    122.000    351.000    344.000    532.000    451.000    247.000    311.000    316.000      0.000    304.000    270.000    153.000    402.000    402.000    329.000
   629.000     85.000    520.000    363.000    342.000    344.000    343.000    415.000    459.000    643.000     50.000    310.000     94.000    623.000    415.000    692.000    748.000    468.000    262.000    643.000    240.000    368.000    195.000    262.000    433.000    417.000    424.000    392.000    542.000    540.000    430.000     60.000    360.000    438.000    304.000      0.000     42.000    162.000    275.000    275.000    485.000
   631.000    117.000    517.000    389.000    308.000    361.000    345.000    379.000    444.000    655.000     53.000    313.000    134.000    613.000    397.000    685.000    737.000    468.000    244.000    636.000    220.000    328.000    176.000    247.000    405.000    403.000    388.000    396.000    529.000    553.000    444.000     45.000    362.000    433.000    270.000     42.000      0.000    123.000    299.000    299.000    476.000
   600.000    239.000    473.000    438.000    189.000    382.000    325.000    256.000    371.000    650.000    136.000    301.000    241.000    547.000    314.000    625.000    667.000    437.000    176.000    577.000    150.000    205.000    121.000    190.000    299.000    332.000    266.000    379.000    456.000    554.000    454.000    113.000    340.000    385.000    153.000    162.000    123.000      0.000    347.000    347.000    417.000
   412.000    314.000    347.000     91.000    432.000     92.000    182.000    510.000    370.000    387.000    247.000    157.000    206.000    477.000    367.000    524.000    597.000    280.000    271.000    479.000    273.000    505.000    258.000    251.000    448.000    337.000    512.000    200.000    431.000    285.000    176.000    263.000    196.000    295.000    402.000    275.000    299.000    347.000      0.000      0.000    352.000
   412.000    314.000    347.000     91.000    432.000     92.000    182.000    510.000    370.000    387.000    247.000    157.000    206.000    477.000    367.000    524.000    597.000    280.000    271.000    479.000    273.000    505.000    258.000    251.000    448.000    337.000    512.000    200.000    431.000    285.000    176.000    263.000    196.000    295.000    402.000    275.000    299.000    347.000      0.000      0.000    352.000
   210.000    564.000     76.000    378.000    327.000    278.000    171.000    366.000     72.000    320.000    435.000    202.000    480.000    138.000    133.000    209.000    264.000    105.000    241.000    161.000    267.000    419.000    305.000    231.000    235.000     92.000    360.000    159.000     81.000    271.000    254.000    432.000    156.000     57.000    329.000    485.000    476.000    417.000    352.000    352.000      0.000
