     0.000      6.370      3.359      2.214      3.061      1.608      3.629      3.423      1.456      4.423      4.572      4.644      4.577      5.245      5.732      3.357      4.707      5.528      2.963      3.527      2.344      1.971      0.474      5.239      3.183      3.105      0.846      3.293      3.546      2.475      1.873      2.204      2.314      2.447      0.782      0.304      5.176      2.910      5.832      3.371      5.395      5.436      3.115      5.463      0.681      4.274      3.919      1.225      3.484      3.559      1.300      1.648      2.054      1.721      6.343      0.870      4.251      2.818      1.039      3.658      2.590      4.907      4.851      2.519      1.599      2.470      5.660      3.630      2.507      3.944      1.429      5.177      2.674      3.740      3.114      3.818      5.871      3.561      4.011      1.799      5.982      4.825      4.886      4.286      2.872      1.961      5.403      1.416      2.814      3.248      4.043      1.719      3.915      0.782      4.430      5.814      5.607      5.453      5.597      5.597      2.815
     6.370      0.000      3.015      4.373      4.814      5.521      4.988      4.380      5.540      2.431      2.029      1.764      4.350      1.623      3.235      3.484      1.695      1.575      5.011      4.948      4.546      5.207      6.201      2.244      3.399      3.505      5.669      3.558      2.995      3.974      5.620      4.559      4.150      3.974      5.619      6.107      1.205      3.607      1.612      5.258      2.083      2.257      5.248      1.266      6.215      3.927      2.959      5.658      3.972      3.885      5.686      6.728      4.564      6.038      0.598      5.729      2.226      5.502      5.544      2.760      3.781      1.849      2.286      4.571      5.427      3.934      4.295      4.878      5.462      2.941      5.204      2.287      3.721      2.876      3.278      4.413      0.587      2.846      2.587      4.915      1.547      1.546      1.528      2.167      5.120      5.083      2.665      6.759      4.667      4.688      2.616      4.771      2.854      6.796      2.327      1.651      4.201      2.896      1.216      1.216      3.592
     3.359      3.015      0.000      1.574      2.655      2.627      3.144      2.462      2.613      1.594      1.332      1.292      3.239      2.131      3.407      1.160      1.398      2.437      2.793      3.050      1.915      2.388      3.221      2.434      0.769      1.065      2.698      1.409      0.637      1.109      2.801      1.841      1.276      1.070      2.604      3.093      1.817      0.778      2.772      3.237      2.516      2.642      3.096      2.246      3.260      2.693      1.219      2.774      2.096      1.847      2.740      3.926      1.750      3.299      3.042      2.772      0.966      3.010      2.597      0.574      0.788      1.820      2.029      1.892      2.522      0.932      3.952      3.050      2.849      1.235      2.230      2.393      0.718      1.037      0.460      2.765      2.513      0.294      0.919      1.989      2.900      1.469      1.533      0.976      2.665      2.373      2.821      3.904      2.356      2.645      1.205      1.849      1.089      3.832      1.509      2.767      3.860      2.991      2.385      2.385      0.609
     2.214      4.373      1.574      0.000      1.436      2.317      2.054      1.533      2.209      2.227      2.904      2.792      2.661      3.081      3.567      2.292      2.678      3.350      1.490      1.942      0.448      2.326      1.917      3.026      1.906      0.914      1.393      1.082      2.074      0.467      2.623      0.297      0.322      0.527      1.648      2.035      3.245      1.659      3.641      1.997      3.185      3.222      1.785      3.334      1.884      2.235      2.640      1.287      1.412      2.868      2.239      2.381      0.191      1.729      4.251      1.420      2.535      3.280      1.229      1.620      0.895      2.745      2.643      2.264      2.211      1.174      3.666      1.995      3.002      2.662      1.755      2.964      1.222      1.568      1.158      1.948      3.948      1.859      2.467      1.795      3.794      2.884      3.019      2.535      3.062      0.802      3.196      2.390      1.087      1.531      1.869      0.502      2.551      2.464      2.249      3.621      3.598      3.260      3.460      3.460      1.347
     3.061      4.814      2.655      1.436      0.000      3.660      0.630      0.497      3.532      2.386      3.858      3.586      1.534      3.254      2.921      3.619      3.244      3.434      0.203      0.518      1.000      3.726      2.622      2.885      3.206      1.604      2.253      1.349      3.267      1.766      3.983      1.182      1.706      1.859      2.779      3.004      3.884      3.000      3.635      0.587      3.078      3.024      0.455      3.589      2.475      1.354      3.857      1.839      0.851      4.246      3.524      2.331      1.418      1.657      4.518      2.200      3.496      4.701      2.058      2.396      2.217      2.975      2.631      3.700      3.562      2.571      2.627      0.595      4.414      3.875      3.100      2.821      2.567      2.035      2.198      0.791      4.530      2.944      3.564      3.201      3.787      3.554      3.766      3.466      4.496      1.118      2.817      2.488      0.349      0.203      2.233      1.745      3.738      2.936      2.487      3.602      2.586      2.771      3.683      3.683      2.663
     1.608      5.521      2.627      2.317      3.660      0.000      4.290      3.842      0.162      4.089      3.538      3.760      4.978      4.748      5.739      2.121      4.013      5.053      3.649      4.178      2.687      0.400      1.884      4.956      2.123      2.920      1.733      3.250      2.527      2.263      0.333      2.502      2.188      2.182      1.085      1.331      4.324      1.922      5.385      4.145      5.070      5.167      3.897      4.873      2.081      4.537      2.708      2.210      3.719      2.105      0.310      3.123      2.268      2.925      5.635      1.850      3.295      1.243      1.856      3.115      2.074      4.426      4.543      1.068      0.111      1.732      5.966      4.251      0.923      2.732      0.564      4.905      1.933      3.402      2.606      4.260      4.963      2.711      2.958      0.642      5.518      4.015      3.993      3.354      1.264      2.615      5.257      2.933      3.328      3.795      3.674      1.917      2.756      2.385      4.043      5.377      5.893      5.375      5.012      5.012      2.020
     3.629      4.988      3.144      2.054      0.630      4.290      0.000      0.692      4.161      2.575      4.263      3.939      1.117      3.378      2.678      4.170      3.526      3.510      0.670      0.113      1.626      4.355      3.175      2.896      3.751      2.078      2.845      1.756      3.772      2.350      4.613      1.809      2.308      2.445      3.394      3.594      4.167      3.564      3.660      0.363      3.090      2.999      0.558      3.730      3.011      1.171      4.361      2.404      1.103      4.815      4.150      2.699      2.046      2.092      4.627      2.782      3.913      5.327      2.652      2.806      2.790      3.141      2.722      4.314      4.192      3.161      2.181      0.110      5.042      4.377      3.730      2.836      3.139      2.381      2.698      0.587      4.770      3.423      4.029      3.829      3.805      3.862      4.095      3.874      5.116      1.724      2.720      2.893      0.972      0.530      2.518      2.375      4.233      3.424      2.697      3.624      2.157      2.621      3.805      3.805      3.223
     3.423      4.380      2.462      1.533      0.497      3.842      0.692      0.000      3.727      1.950      3.572      3.255      1.166      2.797      2.439      3.515      2.862      2.962      0.697      0.612      1.166      3.857      3.007      2.397      3.094      1.399      2.590      1.065      3.094      1.747      4.153      1.348      1.736      1.844      3.053      3.333      3.505      2.922      3.152      0.885      2.591      2.532      0.877      3.139      2.878      0.882      3.681      2.223      0.423      4.172      3.741      2.816      1.576      2.129      4.059      2.554      3.221      4.800      2.393      2.114      2.165      2.532      2.160      3.744      3.738      2.554      2.237      0.591      4.529      3.696      3.278      2.333      2.509      1.695      2.022      0.418      4.128      2.737      3.340      3.326      3.302      3.191      3.418      3.183      4.561      1.464      2.320      2.962      0.613      0.320      1.849      1.941      3.549      3.370      2.062      3.118      2.184      2.276      3.226      3.226      2.581
     1.456      5.540      2.613      2.209      3.532      0.162      4.161      3.727      0.000      4.042      3.574      3.776      4.870      4.722      5.666      2.179      4.006      5.026      3.515      4.049      2.567      0.524      1.724      4.909      2.150      2.848      1.574      3.167      2.553      2.183      0.487      2.383      2.098      2.106      0.925      1.175      4.340      1.934      5.356      4.008      5.027      5.119      3.759      4.858      1.919      4.438      2.767      2.053      3.617      2.208      0.177      2.962      2.151      2.767      5.637      1.690      3.319      1.405      1.700      3.083      2.023      4.397      4.496      1.159      0.151      1.701      5.868      4.124      1.085      2.791      0.458      4.856      1.907      3.351      2.564      4.145      4.988      2.714      2.993      0.628      5.492      4.023      4.012      3.374      1.418      2.476      5.197      2.772      3.203      3.671      3.628      1.793      2.806      2.230      4.001      5.347      5.797      5.309      4.997      4.997      2.004
     4.423      2.431      1.594      2.227      2.386      4.089      2.575      1.950      4.042      0.000      2.012      1.562      2.128      0.893      1.833      2.703      1.020      1.132      2.585      2.527      2.263      3.910      4.144      0.868      2.351      1.319      3.619      1.216      2.098      1.964      4.309      2.327      2.114      2.011      3.775      4.216      1.634      2.367      1.414      2.831      0.991      1.078      2.817      1.209      4.105      1.617      2.546      3.478      1.541      3.373      4.138      4.434      2.406      3.725      2.146      3.646      1.762      4.600      3.455      1.024      2.020      0.590      0.454      3.474      3.979      2.364      2.533      2.464      4.425      2.550      3.609      0.817      2.179      0.699      1.484      2.014      2.198      1.700      2.068      3.450      1.567      1.382      1.644      1.690      4.259      2.800      1.227      4.505      2.263      2.256      0.415      2.708      2.387      4.679      0.145      1.394      2.435      1.405      1.312      1.312      2.129
     4.572      2.029      1.332      2.904      3.858      3.538      4.263      3.572      3.574      2.012      0.000      0.499      4.087      1.957      3.723      1.458      1.095      2.212      4.019      4.183      3.224      3.203      4.491      2.565      1.429      2.266      3.983      2.520      1.036      2.441      3.612      3.165      2.608      2.401      3.794      4.287      0.931      1.677      2.514      4.417      2.545      2.730      4.312      1.845      4.550      3.546      0.936      4.097      3.162      1.885      3.731      5.255      3.081      4.631      2.284      4.065      0.372      3.478      3.899      1.464      2.096      1.808      2.270      2.552      3.451      2.107      4.537      4.159      3.433      0.921      3.284      2.555      1.914      1.891      1.758      3.792      1.449      1.060      0.582      2.963      2.587      0.805      0.603      0.392      3.095      3.701      3.058      5.226      3.595      3.809      1.831      3.170      0.825      5.111      1.869      2.529      4.438      3.285      1.960      1.960      1.766
     4.644      1.764      1.292      2.792      3.586      3.760      3.939      3.255      3.776      1.562      0.499      0.000      3.672      1.459      3.230      1.782      0.599      1.720      3.759      3.867      3.058      3.456      4.513      2.069      1.643      2.042      3.989      2.237      1.242      2.349      3.872      3.026      2.524      2.328      3.880      4.372      0.565      1.843      2.029      4.123      2.046      2.232      4.041      1.366      4.549      3.141      1.344      4.042      2.836      2.299      3.922      5.172      2.979      4.516      1.911      4.060      0.486      3.837      3.883      1.217      2.078      1.312      1.786      2.839      3.665      2.185      4.067      3.832      3.761      1.334      3.442      2.061      1.975      1.561      1.638      3.437      1.230      1.089      0.884      3.151      2.109      0.320      0.243      0.414      3.458      3.566      2.564      5.167      3.351      3.515      1.441      3.124      1.204      5.122      1.417      2.042      3.967      2.794      1.488      1.488      1.839
     4.577      4.350      3.239      2.661      1.534      4.978      1.117      1.166      4.870      2.128      4.087      3.672      0.000      2.738      1.614      4.379      3.149      2.786      1.675      1.175      2.326      4.964      4.149      2.121      3.963      2.273      3.751      1.889      3.868      2.791      5.280      2.504      2.818      2.885      4.219      4.497      3.751      3.844      2.855      1.479      2.301      2.163      1.662      3.093      4.007      0.550      4.423      3.364      1.274      5.062      4.892      3.801      2.726      3.164      3.902      3.709      3.785      5.873      3.554      2.754      3.154      2.590      2.089      4.780      4.872      3.561      1.093      1.056      5.618      4.434      4.416      2.072      3.473      2.258      2.866      0.759      4.250      3.472      4.005      4.434      2.983      3.510      3.771      3.727      5.608      2.617      1.808      3.983      1.765      1.337      2.257      3.097      4.274      4.468      2.272      2.816      1.056      1.652      3.134      3.134      3.513
     5.245      1.623      2.131      3.081      3.254      4.748      3.378      2.797      4.722      0.893      1.957      1.459      2.738      0.000      1.857      3.065      0.890      0.306      3.455      3.344      3.149      4.519      4.993      0.703      2.796      2.168      4.462      2.105      2.454      2.770      4.931      3.203      2.933      2.802      4.561      5.021      1.206      2.892      0.642      3.663      0.616      0.813      3.673      0.357      4.965      2.305      2.744      4.350      2.404      3.672      4.837      5.325      3.265      4.618      1.264      4.498      1.860      5.086      4.307      1.643      2.735      0.339      0.663      3.998      4.641      3.021      2.822      3.269      4.955      2.739      4.313      0.725      2.816      1.514      2.182      2.798      1.536      2.119      2.251      4.106      0.771      1.156      1.401      1.777      4.722      3.688      1.199      5.392      3.150      3.111      1.212      3.545      2.590      5.544      0.837      0.640      2.724      1.442      0.429      0.429      2.730
     5.732      3.235      3.407      3.567      2.921      5.739      2.678      2.439      5.666      1.833      3.723      3.230      1.614      1.857      0.000      4.534      2.631      1.729      3.104      2.708      3.389      5.617      5.359      1.170      4.173      2.819      4.886      2.511      3.931      3.486      5.995      3.530      3.588      3.561      5.215      5.586      3.061      4.163      1.623      3.039      1.244      1.047      3.177      2.136      5.258      1.568      4.365      4.595      2.262      5.206      5.734      5.251      3.700      4.568      2.685      4.876      3.537      6.382      4.696      2.834      3.688      1.920      1.465      5.250      5.628      4.076      1.082      2.595      6.185      4.367      5.213      1.171      3.917      2.404      3.212      2.164      3.330      3.531      3.877      5.120      1.698      2.962      3.224      3.459      6.055      3.830      0.668      5.401      3.025      2.721      2.203      4.065      4.205      5.781      1.947      1.584      0.997      0.439      2.109      2.109      3.894
     3.357      3.484      1.160      2.292      3.619      2.121      4.170      3.515      2.179      2.703      1.458      1.782      4.379      3.065      4.534      0.000      2.201      3.364      3.722      4.068      2.722      1.764      3.383      3.496      0.421      2.134      2.937      2.509      0.617      1.870      2.164      2.589      1.974      1.785      2.582      3.056      2.332      0.633      3.696      4.206      3.547      3.697      4.027      3.080      3.491      3.838      0.588      3.192      3.187      0.688      2.346      4.364      2.413      3.851      3.692      3.042      1.297      2.056      2.911      1.716      1.413      2.803      3.110      1.098      2.044      1.142      5.111      4.086      1.983      0.612      1.963      3.463      1.071      2.195      1.518      3.856      2.907      1.003      0.904      1.607      3.803      2.083      1.989      1.372      1.679      3.049      3.922      4.275      3.287      3.648      2.340      2.330      0.643      4.002      2.598      3.700      5.019      4.108      3.213      3.213      0.959
     4.707      1.695      1.398      2.678      3.244      4.013      3.526      2.862      4.006      1.020      1.095      0.599      3.149      0.890      2.631      2.201      0.000      1.174      3.430      3.465      2.866      3.749      4.517      1.470      1.969      1.822      3.984      1.923      1.601      2.281      4.166      2.870      2.457      2.286      3.974      4.455      0.643      2.105      1.501      3.746      1.455      1.637      3.694      0.883      4.525      2.634      1.855      3.963      2.440      2.789      4.137      5.040      2.869      4.356      1.647      4.040      0.971      4.244      3.854      1.066      2.120      0.713      1.192      3.184      3.910      2.329      3.482      3.417      4.134      1.850      3.628      1.462      2.115      1.224      1.596      2.991      1.301      1.311      1.363      3.380      1.602      0.363      0.629      0.887      3.873      3.399      1.965      5.066      3.051      3.146      1.014      3.080      1.702      5.106      0.877      1.508      3.382      2.195      1.020      1.020      2.005
     5.528      1.575      2.437      3.350      3.434      5.053      3.510      2.962      5.026      1.132      2.212      1.720      2.786      0.306      1.729      3.364      1.174      0.000      3.637      3.484      3.395      4.825      5.265      0.669      3.100      2.437      4.736      2.346      2.754      3.054      5.238      3.459      3.214      3.089      4.852      5.308      1.398      3.198      0.336      3.811      0.511      0.697      3.839      0.416      5.232      2.395      3.027      4.609      2.585      3.962      5.139      5.559      3.531      4.849      1.124      4.769      2.141      5.390      4.578      1.945      3.034      0.632      0.803      4.304      4.946      3.325      2.750      3.402      5.261      3.022      4.615      0.715      3.120      1.789      2.480      2.925      1.602      2.424      2.537      4.411      0.466      1.407      1.635      2.058      5.024      3.931      1.108      5.635      3.354      3.281      1.485      3.821      2.876      5.808      1.101      0.337      2.653      1.347      0.382      0.382      3.036
     2.963      5.011      2.793      1.490      0.203      3.649      0.670      0.697      3.515      2.585      4.019      3.759      1.675      3.455      3.104      3.722      3.430      3.637      0.000      0.565      1.043      3.736      2.514      3.088      3.313      1.756      2.175      1.523      3.394      1.856      3.976      1.216      1.779      1.946      2.729      2.924      4.069      3.097      3.838      0.509      3.281      3.226      0.306      3.789      2.356      1.536      3.984      1.738      1.052      4.335      3.497      2.153      1.446      1.493      4.719      2.113      3.653      4.722      1.983      2.560      2.312      3.174      2.833      3.748      3.554      2.649      2.768      0.667      4.429      4.002      3.093      3.023      2.660      2.216      2.333      0.954      4.720      3.084      3.707      3.217      3.990      3.736      3.943      3.627      4.531      1.058      3.015      2.319      0.439      0.386      2.422      1.747      3.869      2.796      2.684      3.805      2.731      2.965      3.883      3.883      2.763
     3.527      4.948      3.050      1.942      0.518      4.178      0.113      0.612      4.049      2.527      4.183      3.867      1.175      3.344      2.708      4.068      3.465      3.484      0.565      0.000      1.513      4.242      3.076      2.880      3.650      1.985      2.739      1.670      3.677      2.243      4.501      1.697      2.198      2.338      3.285      3.489      4.107      3.460      3.644      0.338      3.075      2.990      0.487      3.693      2.914      1.177      4.266      2.303      1.031      4.710      4.039      2.629      1.933      2.009      4.598      2.678      3.831      5.215      2.546      2.723      2.685      3.099      2.691      4.203      4.080      3.053      2.251      0.118      4.930      4.283      3.617      2.819      3.034      2.307      2.602      0.576      4.718      3.331      3.940      3.717      3.790      3.797      4.027      3.794      5.005      1.616      2.723      2.817      0.860      0.422      2.454      2.263      4.139      3.336      2.646      3.608      2.224      2.633      3.772      3.772      3.119
     2.344      4.546      1.915      0.448      1.000      2.687      1.626      1.166      2.567      2.263      3.224      3.058      2.326      3.149      3.389      2.722      2.866      3.395      1.043      1.513      0.000      2.731      1.977      2.992      2.326      1.044      1.498      1.049      2.463      0.859      3.004      0.186      0.751      0.938      1.897      2.214      3.467      2.090      3.663      1.551      3.166      3.175      1.338      3.433      1.895      1.954      3.040      1.240      1.145      3.311      2.577      2.188      0.422      1.492      4.368      1.488      2.852      3.702      1.307      1.848      1.312      2.823      2.639      2.706      2.586      1.618      3.372      1.575      3.417      3.061      2.124      2.928      1.651      1.675      1.468      1.584      4.161      2.208      2.828      2.204      3.817      3.111      3.273      2.843      3.497      0.541      3.092      2.244      0.654      1.113      1.958      0.776      2.942      2.450      2.313      3.638      3.310      3.124      3.551      3.551      1.768
     1.971      5.207      2.388      2.326      3.726      0.400      4.355      3.857      0.524      3.910      3.203      3.456      4.964      4.519      5.617      1.764      3.749      4.825      3.736      4.242      2.731      0.000      2.204      4.775      1.813      2.817      1.980      3.168      2.215      2.191      0.417      2.546      2.146      2.102      1.363      1.682      4.020      1.644      5.160      4.241      4.878      4.986      4.001      4.621      2.388      4.497      2.346      2.430      3.693      1.707      0.698      3.421      2.310      3.159      5.350      2.100      2.982      1.004      2.075      2.909      1.930      4.206      4.362      0.683      0.375      1.550      5.915      4.306      0.697      2.369      0.695      4.727      1.731      3.241      2.430      4.270      4.641      2.438      2.627      0.531      5.288      3.724      3.684      3.044      0.930      2.738      5.104      3.245      3.383      3.844      3.496      1.989      2.405      2.737      3.852      5.154      5.838      5.238      4.760      4.760      1.795
     0.474      6.201      3.221      1.917      2.622      1.884      3.175      3.007      1.724      4.144      4.491      4.513      4.149      4.993      5.359      3.383      4.517      5.265      2.514      3.076      1.977      2.204      0.000      4.933      3.155      2.829      0.534      2.975      3.489      2.243      2.184      1.857      2.072      2.232      0.859      0.593      5.025      2.873      5.559      2.908      5.097      5.125      2.653      5.232      0.217      3.871      3.918      0.785      3.100      3.671      1.594      1.250      1.741      1.248      6.133      0.499      4.152      3.125      0.690      3.454      2.435      4.655      4.558      2.666      1.850      2.389      5.237      3.181      2.806      3.943      1.572      4.870      2.577      3.479      2.924      3.392      5.727      3.450      3.950      1.925      5.711      4.668      4.753      4.178      3.130      1.545      5.065      1.049      2.394      2.814      3.782      1.450      3.894      0.624      4.165      5.538      5.188      5.101      5.362      5.362      2.725
     5.239      2.244      2.434      3.026      2.885      4.956      2.896      2.397      4.909      0.868      2.565      2.069      2.121      0.703      1.170      3.496      1.470      0.669      3.088      2.880      2.992      4.775      4.933      0.000      3.171      2.143      4.417      1.959      2.881      2.808      5.176      3.085      2.948      2.861      4.616      5.044      1.896      3.212      0.764      3.213      0.194      0.211      3.264      1.024      4.876      1.754      3.260      4.230      2.054      4.144      5.003      5.100      3.195      4.389      1.781      4.434      2.404      5.444      4.245      1.875      2.886      0.757      0.413      4.324      4.847      3.231      2.120      2.791      5.279      3.260      4.474      0.065      3.044      1.560      2.351      2.310      2.228      2.501      2.766      4.317      0.910      1.793      2.054      2.324      5.096      3.511      0.504      5.199      2.851      2.717      1.282      3.520      3.102      5.440      0.927      0.728      2.021      0.744      1.036      1.036      2.989
     3.183      3.399      0.769      1.906      3.206      2.123      3.751      3.094      2.150      2.351      1.429      1.643      3.963      2.796      4.173      0.421      1.969      3.100      3.313      3.650      2.326      1.813      3.155      3.171      0.000      1.713      2.679      2.089      0.404      1.469      2.229      2.202      1.585      1.388      2.402      2.890      2.208      0.284      3.435      3.793      3.238      3.377      3.619      2.851      3.244      3.424      0.776      2.887      2.766      1.099      2.304      4.065      2.039      3.518      3.541      2.776      1.172      2.291      2.631      1.340      1.015      2.511      2.774      1.216      2.031      0.805      4.714      3.666      2.166      0.801      1.857      3.134      0.688      1.804      1.099      3.434      2.840      0.678      0.849      1.534      3.552      1.914      1.873      1.233      1.931      2.681      3.577      3.994      2.877      3.231      1.971      1.993      0.739      3.779      2.256      3.436      4.623      3.753      2.988      2.988      0.559
     3.105      3.505      1.065      0.914      1.604      2.920      2.078      1.399      2.848      1.319      2.266      2.042      2.273      2.168      2.819      2.134      1.822      2.437      1.756      1.985      1.044      2.817      2.829      2.143      1.713      0.000      2.301      0.384      1.695      0.676      3.182      1.057      0.806      0.744      2.474      2.903      2.427      1.573      2.732      2.180      2.292      2.345      2.053      2.426      2.798      1.751      2.283      2.189      1.053      2.807      2.920      3.223      1.098      2.534      3.350      2.332      1.899      3.652      2.141      0.825      0.906      1.832      1.748      2.535      2.810      1.314      3.126      1.985      3.423      2.299      2.396      2.083      1.204      0.656      0.625      1.722      3.118      1.347      1.962      2.308      2.883      2.073      2.247      1.875      3.362      1.578      2.367      3.262      1.329      1.582      0.956      1.389      2.154      3.376      1.336      2.712      3.043      2.465      2.550      2.550      1.240
     0.846      5.669      2.698      1.393      2.253      1.733      2.845      2.590      1.574      3.619      3.983      3.989      3.751      4.462      4.886      2.937      3.984      4.736      2.175      2.739      1.498      1.980      0.534      4.417      2.679      2.301      0.000      2.463      2.996      1.709      2.061      1.360      1.537      1.698      0.653      0.751      4.496      2.395      5.032      2.618      4.578      4.611      2.360      4.699      0.568      3.433      3.451      0.495      2.639      3.288      1.489      1.478      1.223      1.193      5.599      0.120      3.638      2.962      0.197      2.920      1.911      4.124      4.037      2.334      1.671      1.894      4.827      2.836      2.642      3.476      1.294      4.355      2.073      2.948      2.392      2.992      5.199      2.934      3.452      1.602      5.184      4.138      4.228      3.662      2.905      1.137      4.566      1.350      1.986      2.433      3.252      0.917      3.416      1.134      3.636      5.012      4.773      4.611      4.829      4.829      2.222
     3.293      3.558      1.409      1.082      1.349      3.250      1.756      1.065      3.167      1.216      2.520      2.237      1.889      2.105      2.511      2.509      1.923      2.346      1.523      1.670      1.049      3.168      2.975      1.959      2.089      0.384      2.463      0.000      2.046      0.987      3.523      1.127      1.078      1.070      2.717      3.116      2.555      1.956      2.615      1.898      2.127      2.150      1.804      2.401      2.917      1.369      2.627      2.276      0.686      3.185      3.228      3.220      1.241      2.514      3.339      2.476      2.164      4.024      2.287      1.057      1.280      1.785      1.594      2.912      3.139      1.689      2.755      1.656      3.788      2.642      2.711      1.896      1.587      0.699      0.992      1.356      3.222      1.678      2.275      2.652      2.769      2.216      2.421      2.129      3.740      1.585      2.114      3.289      1.129      1.289      0.942      1.583      2.492      3.485      1.273      2.590      2.674      2.185      2.514      2.514      1.624
     3.546      2.995      0.637      2.074      3.267      2.527      3.772      3.094      2.553      2.098      1.036      1.242      3.868      2.454      3.931      0.617      1.601      2.754      3.394      3.677      2.463      2.215      3.489      2.881      0.404      1.695      2.996      2.046      0.000      1.612      2.630      2.362      1.756      1.548      2.766      3.258      1.806      0.642      3.088      3.852      2.930      3.081      3.699      2.484      3.564      3.321      0.591      3.161      2.733      1.275      2.705      4.336      2.230      3.755      3.145      3.086      0.769      2.643      2.930      1.141      1.191      2.187      2.497      1.603      2.435      1.102      4.545      3.680      2.540      0.608      2.249      2.848      0.931      1.635      1.075      3.402      2.437      0.408      0.465      1.934      3.198      1.520      1.470      0.830      2.273      2.872      3.311      4.282      2.955      3.267      1.750      2.244      0.479      4.112      1.988      3.091      4.451      3.502      2.619      2.619      0.781
     2.475      3.974      1.109      0.467      1.766      2.263      2.350      1.747      2.183      1.964      2.441      2.349      2.791      2.770      3.486      1.870      2.281      3.054      1.856      2.243      0.859      2.191      2.243      2.808      1.469      0.676      1.709      0.987      1.612      0.000      2.538      0.750      0.177      0.097      1.810      2.255      2.821      1.241      3.362      2.349      2.950      3.012      2.161      2.994      2.243      2.309      2.185      1.697      1.518      2.480      2.248      2.826      0.640      2.190      3.890      1.760      2.073      3.082      1.573      1.215      0.457      2.432      2.406      2.001      2.153      0.811      3.724      2.277      2.830      2.206      1.727      2.749      0.804      1.270      0.711      2.138      3.526      1.393      2.000      1.669      3.511      2.460      2.580      2.076      2.824      1.269      3.043      2.819      1.426      1.821      1.572      0.798      2.091      2.825      1.960      3.345      3.647      3.139      3.125      3.125      0.912
     1.873      5.620      2.801      2.623      3.983      0.333      4.613      4.153      0.487      4.309      3.612      3.872      5.280      4.931      5.995      2.164      4.166      5.238      3.976      4.501      3.004      0.417      2.184      5.176      2.229      3.182      2.061      3.523      2.630      2.538      0.000      2.818      2.475      2.453      1.410      1.614      4.436      2.061      5.572      4.473      5.281      5.386      4.226      5.037      2.386      4.830      2.741      2.540      4.016      2.040      0.591      3.430      2.583      3.253      5.767      2.176      3.396      0.946      2.187      3.315      2.311      4.617      4.762      1.069      0.422      1.945      6.255      4.572      0.634      2.763      0.884      5.126      2.133      3.633      2.826      4.569      5.053      2.855      3.038      0.875      5.701      4.141      4.099      3.460      1.034      2.946      5.495      3.232      3.648      4.115      3.895      2.238      2.807      2.655      4.255      5.566      6.180      5.622      5.176      5.176      2.204
     2.204      4.559      1.841      0.297      1.182      2.502      1.809      1.348      2.383      2.327      3.165      3.026      2.504      3.203      3.530      2.589      2.870      3.459      1.216      1.697      0.186      2.546      1.857      3.085      2.202      1.057      1.360      1.127      2.362      0.750      2.818      0.000      0.617      0.818      1.727      2.060      3.456      1.956      3.736      1.725      3.253      3.273      1.505      3.476      1.791      2.120      2.932      1.151      1.303      3.163      2.394      2.170      0.237      1.493      4.405      1.361      2.793      3.519      1.175      1.829      1.189      2.873      2.720      2.532      2.400      1.470      3.543      1.760      3.233      2.953      1.938      3.021      1.519      1.707      1.408      1.766      4.155      2.131      2.745      2.020      3.890      3.097      3.247      2.789      3.318      0.540      3.209      2.205      0.837      1.299      1.999      0.594      2.840      2.358      2.366      3.713      3.480      3.251      3.598      3.598      1.643
     2.314      4.150      1.276      0.322      1.706      2.188      2.308      1.736      2.098      2.114      2.608      2.524      2.818      2.933      3.588      1.974      2.457      3.214      1.779      2.198      0.751      2.146      2.072      2.948      1.585      0.806      1.537      1.078      1.756      0.177      2.475      0.617      0.000      0.210      1.668      2.101      2.998      1.341      3.519      2.280      3.096      3.151      2.080      3.162      2.068      2.355      2.319      1.520      1.546      2.561      2.152      2.653      0.477      2.024      4.062      1.585      2.242      3.066      1.398      1.391      0.573      2.594      2.551      2.012      2.079      0.870      3.780      2.241      2.803      2.341      1.640      2.889      0.903      1.426      0.888      2.139      3.703      1.555      2.156      1.617      3.668      2.637      2.756      2.247      2.826      1.116      3.166      2.644      1.359      1.779      1.729      0.624      2.232      2.650      2.117      3.501      3.706      3.253      3.293      3.293      1.026
     2.447      3.974      1.070      0.527      1.859      2.182      2.445      1.844      2.106      2.011      2.401      2.328      2.885      2.802      3.561      1.785      2.286      3.089      1.946      2.338      0.938      2.102      2.232      2.861      1.388      0.744      1.698      1.070      1.548      0.097      2.453      0.818      0.210      0.000      1.766      2.219      2.811      1.155      3.401      2.440      3.000      3.067      2.249      3.016      2.242      2.400      2.114      1.714      1.612      2.390      2.176      2.857      0.687      2.232      3.905      1.755      2.035      2.988      1.571      1.222      0.374      2.464      2.456      1.905      2.072      0.716      3.813      2.373      2.737      2.136      1.652      2.804      0.716      1.313      0.698      2.234      3.517      1.347      1.946      1.583      3.548      2.451      2.562      2.043      2.728      1.325      3.108      2.841      1.517      1.916      1.613      0.800      2.024      2.822      2.001      3.385      3.735      3.209      3.149      3.149      0.830
     0.782      5.619      2.604      1.648      2.779      1.085      3.394      3.053      0.925      3.775      3.794      3.880      4.219      4.561      5.215      2.582      3.974      4.852      2.729      3.285      1.897      1.363      0.859      4.616      2.402      2.474      0.653      2.717      2.766      1.810      1.410      1.727      1.668      1.766      0.000      0.493      4.420      2.129      5.166      3.200      4.760      4.819      2.944      4.759      1.029      3.846      3.140      1.142      3.028      2.824      0.836      2.057      1.526      1.845      5.618      0.767      3.478      2.323      0.799      2.943      1.855      4.224      4.216      1.808      1.031      1.698      5.269      3.372      2.003      3.165      0.713      4.557      1.906      3.078      2.396      3.468      5.110      2.793      3.230      1.068      5.313      4.073      4.123      3.515      2.293      1.671      4.827      1.886      2.477      2.942      3.379      1.153      3.133      1.446      3.767      5.151      5.206      4.902      4.894      4.894      2.045
     0.304      6.107      3.093      2.035      3.004      1.331      3.594      3.333      1.175      4.216      4.287      4.372      4.497      5.021      5.586      3.056      4.455      5.308      2.924      3.489      2.214      1.682      0.593      5.044      2.890      2.903      0.751      3.116      3.258      2.255      1.614      2.060      2.101      2.219      0.493      0.000      4.910      2.619      5.617      3.360      5.195      5.245      3.102      5.228      0.809      4.164      3.621      1.208      3.359      3.256      1.028      1.840      1.888      1.803      6.097      0.815      3.971      2.559      0.946      3.416      2.335      4.683      4.651      2.217      1.313      2.191      5.568      3.586      2.243      3.646      1.125      4.984      2.398      3.525      2.870      3.738      5.601      3.286      3.722      1.495      5.766      4.562      4.615      4.008      2.593      1.887      5.231      1.627      2.733      3.183      3.827      1.533      3.619      1.056      4.216      5.600      5.512      5.292      5.363      5.363      2.538
