     0.000      3.657      0.948      1.624      2.824      1.414      3.984      1.931      3.390      3.703      1.461      3.664      0.632      1.094      3.277      1.513      3.347      2.661      4.180      2.971      2.405      4.806      2.140      1.842      2.891      2.564      4.902      3.434      0.812      4.053      2.003      1.194      4.750      3.236      2.230      2.543      1.609      3.546      2.433      2.143      1.865      0.654      2.563      2.944      3.312      1.738      2.281      2.522      2.978      3.461      0.710      4.052      2.361      4.380      3.973      2.056      0.510      3.752      2.241      2.997      1.783      2.468      1.971      2.647      3.803      2.144      2.193      4.011      1.939      0.340      2.323      1.946      4.269      2.214      1.321      2.839      0.824      2.811      0.625      4.005      4.674      4.447      1.990      3.742      0.724      4.483      2.895      2.886      3.202      2.137      0.305      3.766      1.995      0.362      1.506      3.687      1.498      3.833      3.833      2.969
     3.657      0.000      4.468      2.484      1.422      3.064      0.412      3.910      0.610      2.947      3.031      2.483      4.068      3.205      4.301      2.276      2.076      1.329      1.748      1.809      1.733      1.879      3.893      2.083      0.968      2.727      1.643      3.298      3.192      1.843      4.563      2.710      1.572      0.550      2.586      1.117      3.591      3.657      3.751      1.872      1.881      3.010      1.191      3.006      3.115      2.049      3.006      4.016      1.776      0.307      4.279      3.489      1.601      1.720      0.527      1.882      3.248      1.946      1.417      3.352      1.877      2.361      3.048      1.296      0.464      5.018      2.870      2.422      2.356      3.322      3.858      3.446      2.152      1.513      2.684      2.084      3.176      1.949      3.042      0.350      1.500      2.063      3.708      1.877      4.210      1.429      2.932      0.868      0.520      5.229      3.672      2.171      5.030      3.315      2.621      0.830      4.917      2.243      2.243      3.828
     0.948      4.468      0.000      2.572      3.451      1.710      4.821      1.715      4.263      4.633      1.762      4.023      1.120      2.002      4.035      2.438      4.294      3.573      5.116      3.916      3.015      5.729      1.949      2.483      3.622      2.841      5.800      4.335      1.306      4.578      1.440      1.799      5.654      4.092      3.168      3.354      2.413      4.417      2.327      2.770      2.766      1.498      3.440      3.856      3.482      2.654      2.471      3.271      3.504      4.243      0.926      4.189      3.025      5.310      4.728      2.984      1.458      4.238      3.063      3.075      2.632      3.414      2.874      3.553      4.556      1.378      2.442      4.959      2.887      1.215      3.093      2.786      5.214      2.970      2.269      3.787      1.759      3.758      1.462      4.818      5.576      5.388      2.776      4.242      0.258      5.391      3.102      3.647      4.046      1.272      1.148      4.203      1.174      1.299      2.453      4.580      0.555      4.258      4.258      3.785
     1.624      2.484      2.572      0.000      2.306      2.129      2.708      3.031      2.039      2.153      2.143      3.567      1.772      0.758      2.348      0.434      1.722      1.221      2.592      1.359      2.052      3.250      3.166      1.659      2.074      2.844      3.414      2.009      1.735      3.564      3.385      1.566      3.251      1.961      0.695      1.546      1.128      2.223      3.297      1.848      0.693      1.215      1.295      1.500      3.609      0.529      2.781      1.781      2.664      2.396      2.026      4.302      1.881      2.808      2.932      0.605      1.114      3.386      1.293      3.497      0.943      0.866      0.776      1.232      2.785      3.654      2.631      2.389      0.317      1.398      1.577      1.091      2.651      1.515      0.304      1.215      0.854      1.190      1.248      2.798      3.179      2.841      1.330      3.348      2.342      2.974      3.210      1.974      1.967      3.711      1.478      3.499      3.548      1.279      0.146      2.249      3.119      3.582      3.582      1.901
     2.824      1.422      3.451      2.306      0.000      1.831      1.833      2.565      1.679      3.716      1.788      1.353      3.375      2.812      4.583      1.913      2.876      1.742      2.973      2.457      0.437      3.258      2.518      0.986      0.513      1.305      3.063      3.883      2.151      1.285      3.254      1.666      2.983      1.448      2.763      0.933      3.383      4.200      2.343      0.687      1.626      2.192      1.394      3.452      1.763      1.778      1.599      4.082      0.439      1.116      3.524      2.274      0.475      3.018      1.420      1.869      2.565      1.081      1.053      1.943      1.374      2.678      3.062      1.683      1.260      3.741      1.474      3.430      2.366      2.491      3.882      3.397      3.316      0.791      2.348      2.627      2.650      2.490      2.214      1.712      2.909      3.308      3.632      1.042      3.205      2.812      1.526      0.681      1.348      3.991      2.948      1.208      3.790      2.553      2.392      2.056      3.814      1.292      1.292      4.111
     1.414      3.064      1.710      2.129      1.831      0.000      3.460      0.952      3.037      4.226      0.052      2.327      2.046      2.088      4.339      1.750      3.605      2.572      4.156      3.156      1.405      4.647      1.048      0.985      2.120      1.171      4.594      4.136      0.609      2.876      1.513      0.568      4.474      2.823      2.821      2.036      2.736      4.349      1.178      1.204      1.854      1.081      2.309      3.628      1.899      1.850      0.867      3.641      1.814      2.792      2.084      2.639      1.479      4.292      3.211      2.181      1.493      2.530      1.816      1.593      1.559      2.935      2.809      2.530      3.041      1.954      0.785      4.278      2.398      1.198      3.426      2.961      4.376      1.585      1.929      3.155      1.794      3.067      1.069      3.403      4.395      4.475      3.099      2.536      1.491      4.244      1.485      2.197      2.750      2.175      1.673      2.494      1.975      1.352      2.098      3.409      2.001      2.550      2.550      3.943
     3.984      0.412      4.821      2.708      1.833      3.460      0.000      4.316      0.680      2.856      3.428      2.845      4.361      3.452      4.339      2.551      2.015      1.499      1.491      1.832      2.144      1.511      4.303      2.476      1.378      3.138      1.237      3.263      3.560      2.136      4.964      3.085      1.178      0.759      2.712      1.471      3.783      3.626      4.163      2.275      2.159      3.345      1.448      3.028      3.509      2.319      3.418      4.125      2.178      0.717      4.583      3.853      2.006      1.415      0.702      2.105      3.553      2.285      1.758      3.757      2.202      2.456      3.199      1.480      0.738      5.413      3.282      2.250      2.540      3.653      3.982      3.600      1.911      1.892      2.935      2.123      3.451      1.999      3.378      0.224      1.110      1.780      3.863      2.216      4.563      1.065      3.338      1.270      0.783      5.617      3.978      2.515      5.419      3.634      2.851      0.682      5.283      2.583      2.583      3.878
     1.931      3.910      1.715      3.031      2.565      0.952      4.316      0.000      3.946      5.158      0.960      2.607      2.501      2.858      5.127      2.677      4.554      3.520      5.098      4.106      2.184      5.569      0.234      1.885      2.944      1.463      5.488      5.037      1.325      3.363      0.719      1.505      5.377      3.725      3.726      2.945      3.473      5.228      0.621      2.043      2.804      1.873      3.247      4.528      1.896      2.793      1.057      4.395      2.411      3.621      2.438      2.545      2.310      5.227      3.984      3.129      2.208      2.988      2.747      1.437      2.511      3.862      3.656      3.477      3.821      1.234      1.128      5.229      3.315      1.861      4.186      3.752      5.326      2.490      2.800      4.099      2.552      4.014      1.849      4.235      5.298      5.419      3.851      3.014      1.611      5.156      1.590      3.047      3.645      1.547      2.234      2.881      1.356      2.031      2.981      4.325      1.725      2.914      2.914      4.764
     3.390      0.610      4.263      2.039      1.679      3.037      0.680      3.946      0.000      2.344      3.013      2.912      3.728      2.790      3.705      1.916      1.469      0.822      1.297      1.204      1.867      1.631      3.965      2.062      1.166      2.936      1.564      2.688      3.047      2.383      4.549      2.597      1.438      0.234      2.036      1.002      3.104      3.047      3.883      1.927      1.533      2.769      0.827      2.403      3.440      1.682      3.151      3.456      2.095      0.763      3.958      3.900      1.687      1.344      1.137      1.441      2.936      2.429      1.237      3.607      1.632      1.789      2.520      0.807      1.065      4.969      3.001      1.861      1.862      3.069      3.308      2.921      1.660      1.457      2.278      1.484      2.808      1.352      2.804      0.817      1.359      1.631      3.184      2.364      4.006      1.210      3.196      1.003      0.332      5.144      3.359      2.640      4.951      3.033      2.183      0.387      4.749      2.719      2.719      3.236
     3.703      2.947      4.633      2.153      3.716      4.226      2.856      5.158      2.344      0.000      4.231      5.064      3.643      2.635      1.809      2.481      0.878      1.974      1.612      1.260      3.683      2.244      5.274      3.525      3.258      4.697      2.679      0.572      3.885      4.689      5.538      3.659      2.515      2.487      1.480      2.787      2.398      0.884      5.356      3.585      2.414      3.368      2.325      0.826      5.381      2.383      4.745      2.038      4.153      3.092      3.907      5.977      3.473      1.853      3.466      2.076      3.208      4.673      2.755      5.393      2.744      1.297      1.786      2.033      3.408      5.798      4.587      0.785      1.850      3.528      2.036      2.011      1.301      3.086      2.428      1.119      2.880      1.243      3.400      3.063      2.482      1.586      2.174      4.613      4.427      2.291      5.037      3.089      2.574      5.833      3.488      4.860      5.679      3.391      2.236      2.176      5.189      4.943      4.943      1.487
     1.461      3.031      1.762      2.143      1.788      0.052      3.428      0.960      3.013      4.231      0.000      2.275      2.093      2.119      4.365      1.758      3.601      2.560      4.141      3.151      1.363      4.626      1.045      0.957      2.084      1.119      4.568      4.148      0.654      2.826      1.539      0.577      4.450      2.798      2.833      2.012      2.768      4.364      1.157      1.167      1.851      1.114      2.292      3.641      1.851      1.852      0.821      3.670      1.765      2.757      2.134      2.591      1.443      4.275      3.172      2.181      1.530      2.479      1.797      1.550      1.552      2.942      2.830      2.517      3.003      1.987      0.735      4.274      2.408      1.240      3.455      2.988      4.365      1.559      1.948      3.155      1.827      3.065      1.103      3.369      4.371      4.461      3.129      2.485      1.544      4.221      1.436      2.164      2.723      2.213      1.718      2.442      2.013      1.393      2.115      3.386      2.049      2.497      2.497      3.966
     3.664      2.483      4.023      3.567      1.353      2.327      2.845      2.607      2.912      5.064      2.275      0.000      4.281      3.952      5.892      3.146      4.215      3.093      4.196      3.804      1.515      4.353      2.449      1.976      1.814      1.190      4.054      5.234      2.868      0.932      3.314      2.488      4.017      2.699      4.086      2.286      4.573      5.549      2.107      1.731      2.920      3.129      2.746      4.798      0.874      3.054      1.587      5.345      0.927      2.201      4.367      1.008      1.696      4.196      2.209      3.195      3.555      0.603      2.386      1.323      2.626      4.021      4.341      3.034      2.117      3.832      1.586      4.739      3.672      3.373      5.137      4.645      4.572      2.086      3.550      3.980      3.733      3.842      3.139      2.657      3.952      4.523      4.862      0.668      3.815      3.905      1.025      1.986      2.598      4.154      3.867      0.382      3.964      3.485      3.631      3.257      4.231      0.362      0.362      5.426
     0.632      4.068      1.120      1.772      3.375      2.046      4.361      2.501      3.728      3.643      2.093      4.281      0.000      1.053      2.916      1.813      3.436      2.945      4.358      3.117      2.971      5.022      2.721      2.408      3.383      3.195      5.175      3.290      1.444      4.630      2.454      1.797      5.015      3.603      2.237      2.978      1.318      3.338      3.035      2.707      2.203      1.186      2.915      2.836      3.944      2.047      2.913      2.152      3.564      3.903      0.265      4.684      2.903      4.579      4.430      2.313      0.831      4.342      2.673      3.626      2.204      2.518      1.858      2.942      4.264      2.484      2.826      4.065      2.057      0.910      1.978      1.705      4.387      2.704      1.483      2.933      0.929      2.936      1.167      4.409      4.941      4.595      1.668      4.328      1.017      4.740      3.527      3.355      3.583      2.392      0.427      4.368      2.291      0.823      1.630      3.985      1.643      4.438      4.438      2.680
     1.094      3.205      2.002      0.758      2.812      2.088      3.452      2.858      2.790      2.635      2.119      3.952      1.053      0.000      2.270      0.952      2.383      1.976      3.315      2.072      2.479      3.989      3.035      1.976      2.680      3.047      4.169      2.342      1.543      4.097      3.058      1.604      4.004      2.697      1.191      2.192      0.653      2.456      3.251      2.234      1.337      1.010      2.016      1.856      3.832      1.163      2.884      1.554      3.106      3.089      1.316      4.560      2.348      3.541      3.627      1.349      0.657      3.870      1.905      3.627      1.465      1.466      0.878      1.984      3.472      3.234      2.754      3.016      1.016      1.011      1.340      0.894      3.335      2.044      0.522      1.881      0.306      1.887      1.026      3.530      3.933      3.545      1.011      3.841      1.805      3.727      3.413      2.609      2.695      3.229      0.854      3.949      3.089      0.845      0.612      3.007      2.557      4.028      4.028      1.914
     3.277      4.301      4.035      2.348      4.583      4.339      4.339      5.127      3.705      1.809      4.365      5.892      2.916      2.270      0.000      2.781      2.392      3.026      3.357      2.508      4.381      4.029      5.306      4.006      4.251      5.182      4.431      1.239      3.812      5.776      5.280      3.816      4.260      3.762      1.824      3.707      1.669      0.955      5.512      4.190      2.972      3.273      3.304      1.314      5.954      2.841      5.085      0.764      4.974      4.344      3.135      6.650      4.197      3.610      4.822      2.715      2.920      5.652      3.531      5.817      3.273      1.968      1.576      3.075      4.718      5.383      4.942      2.585      2.222      3.271      0.955      1.380      3.097      3.810      2.448      2.221      2.576      2.353      3.292      4.513      4.217      3.382      1.287      5.606      3.906      4.012      5.550      4.112      3.820      5.307      2.982      5.790      5.201      3.101      2.316      3.680      4.553      5.875      5.875      0.479
     1.513      2.276      2.438      0.434      1.913      1.750      2.551      2.677      1.916      2.481      1.758      3.146      1.813      0.952      2.781      0.000      1.930      1.151      2.679      1.511      1.633      3.294      2.796      1.226      1.734      2.412      3.394      2.396      1.429      3.187      3.088      1.182      3.240      1.792      1.086      1.240      1.473      2.632      2.902      1.420      0.395      0.971      1.103      1.892      3.175      0.234      2.360      2.199      2.252      2.142      2.043      3.869      1.471      2.872      2.680      0.546      1.031      2.989      0.954      3.069      0.539      1.186      1.208      1.141      2.522      3.400      2.208      2.611      0.651      1.224      1.992      1.500      2.803      1.125      0.444      1.444      0.901      1.380      1.007      2.610      3.164      2.960      1.724      2.954      2.191      2.971      2.777      1.658      1.777      3.493      1.447      3.092      3.318      1.151      0.485      2.186      2.966      3.174      3.174      2.334
     3.347      2.076      4.294      1.722      2.876      3.605      2.015      4.554      1.469      0.878      3.601      4.215      3.436      2.383      2.392      1.930      0.000      1.154      1.038      0.456      2.885      1.745      4.644      2.801      2.402      3.933      2.077      1.251      3.357      3.813      5.012      3.052      1.903      1.609      1.219      1.960      2.373      1.613      4.679      2.818      1.751      2.890      1.503      1.097      4.581      1.772      4.024      2.354      3.316      2.215      3.699      5.148      2.675      1.293      2.599      1.428      2.836      3.805      1.973      4.632      2.057      0.921      1.697      1.212      2.534      5.330      3.865      0.681      1.408      3.109      2.272      2.049      0.957      2.304      2.026      0.508      2.558      0.550      2.926      2.213      1.851      1.192      2.281      3.745      4.063      1.640      4.258      2.231      1.697      5.413      3.188      3.997      5.242      3.000      1.845      1.334      4.841      4.080      4.080      1.963
     2.661      1.329      3.573      1.221      1.742      2.572      1.499      3.520      0.822      1.974      2.560      3.093      2.945      1.976      3.026      1.151      1.154      0.000      1.596      0.717      1.731      2.161      3.583      1.688      1.300      2.785      2.243      2.166      2.445      2.793      4.048      2.055      2.090      0.781      1.261      0.813      2.284      2.501      3.579      1.673      0.808      2.079      0.351      1.781      3.428      0.924      2.898      2.692      2.179      1.324      3.184      4.004      1.521      1.759      1.828      0.633      2.182      2.729      0.829      3.483      1.024      1.060      1.720      0.059      1.707      4.421      2.739      1.772      1.042      2.359      2.530      2.118      1.806      1.155      1.473      0.896      2.017      0.755      2.116      1.611      2.013      1.906      2.381      2.674      3.321      1.822      3.105      1.138      0.816      4.556      2.595      2.904      4.371      2.299      1.366      1.041      4.086      2.988      2.988      2.548
     4.180      1.748      5.116      2.592      2.973      4.156      1.491      5.098      1.297      1.612      4.141      4.196      4.358      3.315      3.357      2.679      1.038      1.596      0.000      1.244      3.129      0.707      5.146      3.230      2.460      4.208      1.074      2.140      4.037      3.590      5.643      3.650      0.906      1.525      2.214      2.205      3.385      2.484      5.106      3.150      2.388      3.643      1.851      2.109      4.736      2.473      4.391      3.387      3.392      2.002      4.615      5.190      2.936      0.257      2.186      2.134      3.678      3.685      2.356      4.889      2.619      1.907      2.712      1.632      2.191      6.016      4.237      0.860      2.302      3.903      3.309      3.077      0.424      2.643      2.890      1.469      3.445      1.434      3.680      1.714      0.870      0.336      3.315      3.618      4.870      0.681      4.482      2.294      1.626      6.145      4.065      3.906      5.962      3.820      2.730      0.939      5.645      3.981      3.981      2.959
     2.971      1.809      3.916      1.359      2.457      3.156      1.832      4.106      1.204      1.260      3.151      3.804      3.117      2.072      2.508      1.511      0.456      0.717      1.244      0.000      2.441      1.928      4.192      2.346      2.000      3.482      2.169      1.505      2.928      3.456      4.578      2.607      1.996      1.292      0.999      1.529      2.171      1.857      4.224      2.366      1.303      2.480      1.068      1.201      4.140      1.337      3.569      2.328      2.894      1.898      3.376      4.721      2.231      1.475      2.336      0.989      2.463      3.421      1.523      4.181      1.604      0.698      1.510      0.775      2.248      4.907      3.410      1.123      1.060      2.715      2.207      1.897      1.299      1.855      1.661      0.294      2.211      0.199      2.516      2.005      1.932      1.482      2.150      3.363      3.678      1.719      3.810      1.832      1.367      5.003      2.836      3.604      4.829      2.617      1.494      1.187      4.456      3.687      3.687      2.045
     2.405      1.733      3.015      2.052      0.437      1.405      2.144      2.184      1.867      3.683      1.363      1.515      2.971      2.479      4.381      1.633      2.885      1.731      3.129      2.441      0.000      3.490      2.160      0.564      0.766      1.080      3.347      3.785      1.716      1.661      2.857      1.234      3.251      1.634      2.586      0.944      3.079      4.083      2.030      0.264      1.413      1.785      1.384      3.326      1.699      1.541      1.289      3.831      0.628      1.439      3.110      2.315      0.210      3.207      1.815      1.705      2.174      1.397      0.929      1.770      1.111      2.547      2.826      1.674      1.647      3.333      1.145      3.488      2.164      2.076      3.625      3.133      3.438      0.602      2.047      2.568      2.291      2.439      1.804      2.053      3.174      3.464      3.355      1.374      2.769      3.055      1.378      0.889      1.541      3.574      2.544      1.471      3.373      2.148      2.119      2.254      3.379      1.551      1.551      3.918
     4.806      1.879      5.729      3.250      3.258      4.647      1.511      5.569      1.631      2.244      4.626      4.353      5.022      3.989      4.029      3.294      1.745      2.161      0.707      1.928      3.490      0.000      5.594      3.684      2.757      4.547      0.507      2.796      4.593      3.631      6.154      4.175      0.408      1.860      2.912      2.626      4.086      3.127      5.513      3.557      2.969      4.239      2.353      2.806      4.989      3.075      4.778      4.089      3.643      2.177      5.275      5.362      3.315      0.456      2.188      2.750      4.312      3.795      2.831      5.201      3.160      2.606      3.414      2.185      2.246      6.554      4.630      1.460      2.973      4.514      4.015      3.783      0.944      3.080      3.543      2.168      4.100      2.123      4.276      1.711      0.441      0.663      4.022      3.726      5.479      0.450      4.784      2.609      1.950      6.706      4.711      4.026      6.518      4.444      3.392      1.246      6.246      4.093      4.093      3.646
     2.140      3.893      1.949      3.166      2.518      1.048      4.303      0.234      3.965      5.274      1.045      2.449      2.721      3.035      5.306      2.796      4.644      3.583      5.146      4.192      2.160      5.594      0.000      1.918      2.925      1.342      5.492      5.175      1.494      3.239      0.867      1.615      5.387      3.740      3.860      2.968      3.660      5.376      0.397      2.044      2.894      2.038      3.296      4.666      1.703      2.897      0.951      4.581      2.326      3.598      2.665      2.331      2.303      5.265      3.937      3.225      2.393      2.860      2.790      1.234      2.589      3.982      3.815      3.537      3.777      1.384      1.050      5.314      3.441      2.050      4.369      3.927      5.389      2.516      2.948      4.200      2.731      4.110      2.016      4.210      5.308      5.471      4.036      2.891      1.843      5.174      1.425      3.038      3.657      1.714      2.441      2.740      1.532      2.220      3.125      4.348      1.946      2.768      2.768      4.933
     1.842      2.083      2.483      1.659      0.986      0.985      2.476      1.885      2.062      3.525      0.957      1.976      2.408      1.976      4.006      1.226      2.801      1.688      3.230      2.346      0.564      3.684      1.918      0.000      1.159      1.199      3.612      3.545      1.177      2.221      2.496      0.685      3.496      1.844      2.273      1.060      2.601      3.813      1.891      0.301      1.124      1.223      1.384      3.058      1.951      1.202      1.225      3.405      1.164      1.819      2.546      2.644      0.542      3.348      2.267      1.457      1.620      1.943      0.875      1.880      0.789      2.296      2.432      1.638      2.094      2.938      1.065      3.451      1.834      1.512      3.193      2.700      3.485      0.606      1.593      2.410      1.763      2.298      1.241      2.426      3.417      3.557      2.904      1.925      2.232      3.272      1.560      1.219      1.768      3.146      1.982      1.992      2.947      1.586      1.697      2.440      2.878      2.068      2.068      3.559
     2.891      0.968      3.622      2.074      0.513      2.120      1.378      2.944      1.166      3.258      2.084      1.814      3.383      2.680      4.251      1.734      2.402      1.300      2.460      2.000      0.766      2.757      2.925      1.159      0.000      1.790      2.588      3.465      2.320      1.525      3.606      1.827      2.498      0.935      2.430      0.545      3.192      3.795      2.789      0.918      1.382      2.238      0.968      3.061      2.276      1.553      2.045      3.809      0.940      0.677      3.563      2.768      0.642      2.507      1.109      1.555      2.553      1.431      0.784      2.447      1.218      2.302      2.788      1.242      0.937      4.070      1.906      2.933      2.070      2.551      3.619      3.151      2.805      0.680      2.178      2.196      2.569      2.055      2.266      1.292      2.422      2.795      3.399      1.376      3.367      2.315      2.033      0.173      0.835      4.294      2.964      1.605      4.094      2.579      2.182      1.545      4.035      1.689      1.689      3.773
     2.564      2.727      2.841      2.844      1.305      1.171      3.138      1.463      2.936      4.697      1.119      1.190      3.195      3.047      5.182      2.412      3.933      2.785      4.208      3.482      1.080      4.547      1.342      1.199      1.790      0.000      4.367      4.741      1.753      1.901      2.181      1.462      4.285      2.702      3.472      2.020      3.697      5.012      1.080      1.116      2.319      2.111      2.445      4.257      0.784      2.401      0.408      4.550      1.017      2.421      3.250      1.518      1.280      4.279      2.679      2.647      2.547      1.525      1.960      0.699      1.985      3.491      3.607      2.729      2.531      2.697      0.399      4.553      3.032      2.308      4.335      3.846      4.517      1.630      2.741      3.578      2.787      3.458      2.113      3.012      4.209      4.543      4.028      1.552      2.641      4.105      0.368      1.939      2.606      3.002      2.800      1.426      2.807      2.442      2.867      3.322      3.042      1.465      1.465      4.744
     4.902      1.643      5.800      3.414      3.063      4.594      1.237      5.488      1.564      2.679      4.568      4.054      5.175      4.169      4.431      3.394      2.077      2.243      1.074      2.169      3.347      0.507      5.492      3.612      2.588      4.367      0.000      3.214      4.607      3.276      6.107      4.161      0.174      1.771      3.168      2.558      4.337      3.556      5.376      3.449      3.038      4.303      2.365      3.169      4.744      3.166      4.632      4.430      3.415      1.950      5.420      5.061      3.190      0.827      1.850      2.867      4.425      3.476      2.801      4.994      3.182      2.866      3.678      2.255      1.938      6.532      4.492      1.906      3.163      4.593      4.337      4.063      1.401      3.009      3.693      2.438      4.246      2.368      4.338      1.402      0.237      1.135      4.312      3.407      5.545      0.450      4.574      2.458      1.845      6.708      4.837      3.709      6.515      4.540      3.560      1.221      6.299      3.770      3.770      4.026
     3.434      3.298      4.335      2.009      3.883      4.136      3.263      5.037      2.688      0.572      4.148      5.234      3.290      2.342      1.239      2.396      1.251      2.166      2.140      1.505      3.785      2.796      5.175      3.545      3.465      4.741      3.214      0.000      3.728      4.952      5.352      3.571      3.046      2.795      1.315      2.953      1.992      0.363      5.297      3.651      2.422      3.189      2.500      0.510      5.464      2.352      4.740      1.503      4.309      3.402      3.548      6.100      3.581      2.388      3.825      2.096      2.965      4.895      2.862      5.424      2.757      1.250      1.464      2.223      3.746      5.567      4.584      1.346      1.745      3.304      1.530      1.597      1.860      3.184      2.243      1.271      2.617      1.413      3.219      3.458      3.007      2.145      1.716      4.840      4.147      2.808      5.095      3.304      2.872      5.571      3.190      5.066      5.429      3.153      2.057      2.584      4.887      5.150      5.150      0.925
     0.812      3.192      1.306      1.735      2.151      0.609      3.560      1.325      3.047      3.885      0.654      2.868      1.444      1.543      3.812      1.429      3.357      2.445      4.037      2.928      1.716      4.593      1.494      1.177      2.320      1.753      4.607      3.728      0.000      3.319      1.660      0.494      4.472      2.857      2.426      2.090      2.175      3.907      1.717      1.466      1.652      0.547      2.248      3.219      2.501      1.592      1.474      3.092      2.239      2.953      1.502      3.243      1.719      4.203      3.428      1.941      0.911      2.998      1.815      2.202      1.434      2.589      2.331      2.414      3.256      1.984      1.382      4.038      2.035      0.594      2.880      2.433      4.204      1.682      1.485      2.874      1.239      2.808      0.524      3.541      4.393      4.337      2.548      2.994      1.055      4.221      2.083      2.354      2.800      2.113      1.064      2.992      1.926      0.755      1.671      3.391      1.725      3.056      3.056      3.441
     4.053      1.843      4.578      3.564      1.285      2.876      2.136      3.363      2.383      4.689      2.826      0.932      4.630      4.097      5.776      3.187      3.813      2.793      3.590      3.456      1.661      3.631      3.239      2.221      1.525      1.901      3.276      4.952      3.319      0.000      4.082      2.864      3.264      2.209      3.955      2.070      4.660      5.293      2.937      1.924      2.874      3.444      2.481      4.571      1.796      3.036      2.307      5.324      1.080      1.620      4.762      1.857      1.756      3.544      1.443      3.076      3.834      0.379      2.277      2.217      2.649      3.822      4.301      2.738      1.404      4.597      2.254      4.243      3.589      3.730      5.130      4.653      3.994      2.063      3.626      3.682      3.934      3.540      3.463      1.924      3.206      3.899      4.895      0.350      4.346      3.194      1.861      1.667      2.117      4.897      4.203      0.553      4.700      3.807      3.660      2.669      4.867      0.575      0.575      5.298
     2.003      4.563      1.440      3.385      3.254      1.513      4.964      0.719      4.549      5.538      1.539      3.314      2.454      3.058      5.280      3.088      5.012      4.048      5.643      4.578      2.857      6.154      0.867      2.496      3.606      2.181      6.107      5.352      1.660      4.082      0.000      1.993      5.987      4.336      4.069      3.549      3.612      5.503      1.243      2.691      3.284      2.171      3.807      4.846      2.566      3.241      1.776      4.524      3.122      4.282      2.320      3.164      2.964      5.790      4.669      3.589      2.405      3.706      3.323      2.090      3.025      4.246      3.914      4.011      4.503      0.518      1.843      5.693      3.690      2.055      4.325      3.938      5.837      3.098      3.118      4.533      2.759      4.464      2.140      4.896      5.908      5.954      3.993      3.732      1.447      5.755      2.291      3.696      4.263      0.849      2.300      3.596      0.675      2.215      3.309      4.919      1.232      3.627      3.627      4.964
     1.194      2.710      1.799      1.566      1.666      0.568      3.085      1.505      2.597      3.659      0.577      2.488      1.797      1.604      3.816      1.182      3.052      2.055      3.650      2.607      1.234      4.175      1.615      0.685      1.827      1.462      4.161      3.571      0.494      2.864      1.993      0.000      4.031      2.398      2.256      1.620      2.257      3.789      1.731      0.979      1.304      0.652      1.822      3.064      2.243      1.287      1.281      3.140      1.786      2.465      1.904      2.980      1.227      3.801      2.935      1.625      1.087      2.558      1.360      2.024      1.032      2.368      2.266      2.018      2.763      2.380      1.151      3.729      1.830      0.887      2.924      2.446      3.848      1.197      1.381      2.594      1.330      2.510      0.657      3.058      3.952      3.961      2.605      2.549      1.547      3.788      1.821      1.864      2.336      2.547      1.380      2.574      2.354      0.999      1.543      2.953      2.212      2.642      2.642      3.407
     4.750      1.572      5.654      3.251      2.983      4.474      1.178      5.377      1.438      2.515      4.450      4.017      5.015      4.004      4.260      3.240      1.903      2.090      0.906      1.996      3.251      0.408      5.387      3.496      2.498      4.285      0.174      3.046      4.472      3.264      5.987      4.031      0.000      1.653      2.996      2.438      4.166      3.390      5.281      3.343      2.889      4.157      2.226      2.995      4.685      3.013      4.539      4.255      3.348      1.878      5.261      5.025      3.088      0.663      1.825      2.710      4.270      3.446      2.673      4.921      3.042      2.693      3.506      2.104      1.900      6.406      4.396      1.747      2.996      4.445      4.163      3.890      1.248      2.891      3.532      2.265      4.086      2.196      4.193      1.360      0.079      0.989      4.138      3.377      5.400      0.279      4.502      2.362      1.732      6.576      4.680      3.679      6.384      4.389      3.397      1.081      6.157      3.743      3.743      3.854
     3.236      0.550      4.092      1.961      1.448      2.823      0.759      3.725      0.234      2.487      2.798      2.699      3.603      2.697      3.762      1.792      1.609      0.781      1.525      1.292      1.634      1.860      3.740      1.844      0.935      2.702      1.771      2.795      2.857      2.209      4.336      2.398      1.653      0.000      2.037      0.787      3.055      3.149      3.652      1.699      1.400      2.604      0.689      2.476      3.211      1.560      2.919      3.467      1.869      0.608      3.826      3.680      1.455      1.578      1.062      1.356      2.797      2.232      1.041      3.373      1.461      1.813      2.501      0.750      0.959      4.763      2.770      2.052      1.815      2.909      3.308      2.899      1.878      1.239      2.179      1.555      2.692      1.416      2.639      0.838      1.574      1.860      3.162      2.168      3.834      1.434      2.963      0.771      0.102      4.944      3.222      2.438      4.750      2.883      2.101      0.620      4.569      2.518      2.518      3.287
     2.230      2.586      3.168      0.695      2.763      2.821      2.712      3.726      2.036      1.480      2.833      4.086      2.237      1.191      1.824      1.086      1.219      1.261      2.214      0.999      2.586      2.912      3.860      2.273      2.430      3.472      3.168      1.315      2.426      3.955      4.069      2.256      2.996      2.037      0.000      1.885      1.174      1.547      3.984      2.417      1.176      1.897      1.498      0.808      4.218      1.072      3.442      1.431      3.162      2.580      2.502      4.886      2.393      2.456      3.089      0.894      1.730      3.829      1.710      4.143      1.498      0.306      0.511      1.301      2.966      4.318      3.289      1.829      0.440      2.048      1.273      0.905      2.176      2.000      0.951      0.745      1.410      0.800      1.929      2.850      2.932      2.406      1.164      3.782      2.954      2.718      3.833      2.295      2.077      4.355      2.030      3.970      4.199      1.911      0.760      2.129      3.723      4.055      4.055      1.349
     2.543      1.117      3.354      1.546      0.933      2.036      1.471      2.945      1.002      2.787      2.012      2.286      2.978      2.192      3.707      1.240      1.960      0.813      2.205      1.529      0.944      2.626      2.968      1.060      0.545      2.020      2.558      2.953      2.090      2.070      3.549      1.620      2.438      0.787      1.885      0.000      2.672      3.275      2.904      0.945      0.864      1.894      0.462      2.533      2.626      1.039      2.186      3.266      1.367      0.925      3.179      3.192      0.740      2.304      1.455      1.010      2.150      1.957      0.305      2.713      0.774      1.766      2.245      0.754      1.291      3.977      2.032      2.546      1.527      2.206      3.078      2.613      2.498      0.454      1.678      1.694      2.115      1.557      1.926      1.467      2.359      2.538      2.864      1.907      3.096      2.212      2.321      0.428      0.718      4.163      2.572      2.116      3.968      2.206      1.662      1.381      3.812      2.201      2.201      3.230
