     0.000    329.000     85.000    146.000    254.000    127.000    358.000    173.000    305.000    333.000    131.000    329.000     56.000     98.000    294.000    136.000    301.000    239.000    376.000    267.000    216.000    432.000    192.000    165.000    260.000    230.000    441.000    309.000     73.000    364.000    180.000    107.000    427.000    291.000    200.000    228.000    144.000    319.000    218.000    192.000    167.000     58.000    230.000    264.000    298.000    156.000    205.000    226.000    268.000    311.000     63.000    364.000    212.000    394.000    357.000    185.000     45.000    337.000    201.000    269.000    160.000    222.000    177.000    238.000    342.000    192.000    197.000    360.000    174.000     30.000    209.000    175.000    384.000    199.000    118.000    255.000     74.000    252.000     56.000    360.000    420.000    400.000    179.000    336.000     65.000    403.000    260.000    259.000    288.000    192.000     27.000    338.000    179.000     32.000    135.000    331.000    134.000    344.000    344.000    267.000
   329.000      0.000    402.000    223.000    127.000    275.000     37.000    351.000     54.000    265.000    272.000    223.000    366.000    288.000    387.000    204.000    186.000    119.000    157.000    162.000    155.000    169.000    350.000    187.000     87.000    245.000    147.000    296.000    287.000    165.000    410.000    243.000    141.000     49.000    232.000    100.000    323.000    329.000    337.000    168.000    169.000    270.000    107.000    270.000    280.000    184.000    270.000    361.000    159.000     27.000    385.000    314.000    144.000    154.000     47.000    169.000    292.000    175.000    127.000    301.000    168.000    212.000    274.000    116.000     41.000    451.000    258.000    217.000    212.000    298.000    347.000    310.000    193.000    136.000    241.000    187.000    285.000    175.000    273.000     31.000    135.000    185.000    333.000    168.000    378.000    128.000    263.000     78.000     46.000    470.000    330.000    195.000    452.000    298.000    235.000     74.000    442.000    201.000    201.000    344.000
    85.000    402.000      0.000    231.000    310.000    153.000    433.000    154.000    383.000    416.000    158.000    362.000    100.000    180.000    363.000    219.000    386.000    321.000    460.000    352.000    271.000    515.000    175.000    223.000    325.000    255.000    522.000    390.000    117.000    412.000    129.000    161.000    508.000    368.000    285.000    301.000    217.000    397.000    209.000    249.000    248.000    134.000    309.000    347.000    313.000    238.000    222.000    294.000    315.000    381.000     83.000    377.000    272.000    477.000    425.000    268.000    131.000    381.000    275.000    276.000    236.000    307.000    258.000    319.000    410.000    124.000    219.000    446.000    259.000    109.000    278.000    250.000    469.000    267.000    204.000    340.000    158.000    338.000    131.000    433.000    501.000    484.000    249.000    381.000     23.000    485.000    279.000    328.000    364.000    114.000    103.000    378.000    105.000    116.000    220.000    412.000     49.000    383.000    383.000    340.000
   146.000    223.000    231.000      0.000    207.000    191.000    243.000    272.000    183.000    193.000    192.000    321.000    159.000     68.000    211.000     39.000    154.000    109.000    233.000    122.000    184.000    292.000    284.000    149.000    186.000    255.000    307.000    180.000    156.000    320.000    304.000    140.000    292.000    176.000     62.000    139.000    101.000    200.000    296.000    166.000     62.000    109.000    116.000    135.000    324.000     47.000    250.000    160.000    239.000    215.000    182.000    387.000    169.000    252.000    263.000     54.000    100.000    304.000    116.000    314.000     84.000     77.000     69.000    110.000    250.000    328.000    236.000    215.000     28.000    125.000    141.000     98.000    238.000    136.000     27.000    109.000     76.000    107.000    112.000    251.000    286.000    255.000    119.000    301.000    210.000    267.000    288.000    177.000    177.000    333.000    133.000    314.000    319.000    115.000     13.000    202.000    280.000    322.000    322.000    171.000
   254.000    127.000    310.000    207.000      0.000    164.000    164.000    230.000    151.000    334.000    160.000    121.000    303.000    253.000    412.000    172.000    258.000    156.000    267.000    221.000     39.000    293.000    226.000     88.000     46.000    117.000    275.000    349.000    193.000    115.000    292.000    149.000    268.000    130.000    248.000     83.000    304.000    378.000    210.000     61.000    146.000    197.000    125.000    310.000    158.000    160.000    143.000    367.000     39.000    100.000    317.000    204.000     42.000    271.000    127.000    168.000    230.000     97.000     94.000    174.000    123.000    241.000    275.000    151.000    113.000    336.000    132.000    308.000    212.000    224.000    349.000    305.000    298.000     71.000    211.000    236.000    238.000    224.000    199.000    154.000    261.000    297.000    326.000     93.000    288.000    253.000    137.000     61.000    121.000    359.000    265.000    108.000    341.000    229.000    215.000    185.000    343.000    116.000    116.000    369.000
   127.000    275.000    153.000    191.000    164.000      0.000    311.000     85.000    273.000    380.000      4.000    209.000    184.000    187.000    390.000    157.000    324.000    231.000    374.000    284.000    126.000    418.000     94.000     88.000    190.000    105.000    413.000    372.000     54.000    258.000    136.000     51.000    402.000    254.000    253.000    183.000    246.000    391.000    106.000    108.000    166.000     97.000    207.000    326.000    170.000    166.000     78.000    327.000    163.000    251.000    187.000    237.000    133.000    386.000    288.000    196.000    134.000    227.000    163.000    143.000    140.000    264.000    252.000    227.000    273.000    175.000     70.000    385.000    215.000    107.000    308.000    266.000    393.000    142.000    173.000    283.000    161.000    276.000     96.000    306.000    395.000    402.000    278.000    228.000    134.000    381.000    133.000    197.000    247.000    195.000    150.000    224.000    177.000    121.000    188.000    306.000    180.000    229.000    229.000    354.000
   358.000     37.000    433.000    243.000    164.000    311.000      0.000    388.000     61.000    257.000    308.000    256.000    392.000    310.000    390.000    229.000    181.000    134.000    134.000    164.000    192.000    135.000    387.000    222.000    124.000    282.000    111.000    293.000    320.000    192.000    446.000    277.000    106.000     68.000    244.000    132.000    340.000    326.000    374.000    204.000    194.000    301.000    130.000    272.000    315.000    208.000    307.000    371.000    196.000     64.000    412.000    346.000    180.000    127.000     63.000    189.000    319.000    205.000    158.000    338.000    198.000    221.000    287.000    133.000     66.000    487.000    295.000    202.000    228.000    328.000    358.000    324.000    171.000    170.000    264.000    191.000    310.000    179.000    304.000     20.000     99.000    160.000    347.000    199.000    410.000     95.000    300.000    114.000     70.000    505.000    358.000    226.000    487.000    327.000    256.000     61.000    475.000    232.000    232.000    349.000
   173.000    351.000    154.000    272.000    230.000     85.000    388.000      0.000    355.000    464.000     86.000    234.000    225.000    257.000    461.000    240.000    409.000    316.000    458.000    369.000    196.000    501.000     21.000    169.000    264.000    131.000    493.000    453.000    119.000    302.000     64.000    135.000    483.000    335.000    335.000    265.000    312.000    470.000     55.000    183.000    252.000    168.000    292.000    407.000    170.000    251.000     95.000    395.000    216.000    325.000    219.000    229.000    207.000    470.000    358.000    281.000    198.000    268.000    247.000    129.000    225.000    347.000    329.000    312.000    343.000    111.000    101.000    470.000    298.000    167.000    376.000    337.000    479.000    224.000    251.000    368.000    229.000    361.000    166.000    381.000    476.000    487.000    346.000    271.000    144.000    464.000    143.000    274.000    328.000    139.000    201.000    259.000    122.000    182.000    268.000    389.000    155.000    262.000    262.000    428.000
   305.000     54.000    383.000    183.000    151.000    273.000     61.000    355.000      0.000    210.000    271.000    262.000    335.000    251.000    333.000    172.000    132.000     73.000    116.000    108.000    168.000    146.000    356.000    185.000    104.000    264.000    140.000    241.000    274.000    214.000    409.000    233.000    129.000     21.000    183.000     90.000    279.000    274.000    349.000    173.000    137.000    249.000     74.000    216.000    309.000    151.000    283.000    311.000    188.000     68.000    356.000    351.000    151.000    120.000    102.000    129.000    264.000    218.000    111.000    324.000    146.000    161.000    226.000     72.000     95.000    447.000    270.000    167.000    167.000    276.000    297.000    262.000    149.000    131.000    205.000    133.000    252.000    121.000    252.000     73.000    122.000    146.000    286.000    212.000    360.000    108.000    287.000     90.000     29.000    462.000    302.000    237.000    445.000    272.000    196.000     34.000    427.000    244.000    244.000    291.000
   333.000    265.000    416.000    193.000    334.000    380.000    257.000    464.000    210.000      0.000    380.000    455.000    327.000    237.000    162.000    223.000     79.000    177.000    145.000    113.000    331.000    201.000    474.000    317.000    293.000    422.000    241.000     51.000    349.000    422.000    498.000    329.000    226.000    223.000    133.000    250.000    215.000     79.000    482.000    322.000    217.000    303.000    209.000     74.000    484.000    214.000    427.000    183.000    373.000    278.000    351.000    537.000    312.000    166.000    311.000    186.000    288.000    420.000    247.000    485.000    246.000    116.000    160.000    182.000    306.000    521.000    412.000     70.000    166.000    317.000    183.000    180.000    117.000    277.000    218.000    100.000    259.000    111.000    306.000    275.000    223.000    142.000    195.000    415.000    398.000    206.000    453.000    278.000    231.000    524.000    313.000    437.000    511.000    305.000    201.000    195.000    467.000    444.000    444.000    133.000
   131.000    272.000    158.000    192.000    160.000      4.000    308.000     86.000    271.000    380.000      0.000    204.000    188.000    190.000    392.000    158.000    324.000    230.000    372.000    283.000    122.000    416.000     94.000     86.000    187.000    100.000    411.000    373.000     58.000    254.000    138.000     51.000    400.000    251.000    254.000    181.000    249.000    392.000    104.000    105.000    166.000    100.000    206.000    327.000    166.000    166.000     73.000    330.000    158.000    248.000    192.000    233.000    129.000    384.000    285.000    196.000    137.000    223.000    161.000    139.000    139.000    264.000    254.000    226.000    270.000    178.000     66.000    384.000    216.000    111.000    310.000    268.000    392.000    140.000    175.000    283.000    164.000    275.000     99.000    303.000    393.000    401.000    281.000    223.000    138.000    379.000    129.000    194.000    245.000    199.000    154.000    219.000    181.000    125.000    190.000    304.000    184.000    224.000    224.000    356.000
   329.000    223.000    362.000    321.000    121.000    209.000    256.000    234.000    262.000    455.000    204.000      0.000    385.000    355.000    530.000    283.000    379.000    278.000    377.000    342.000    136.000    391.000    220.000    177.000    163.000    107.000    364.000    471.000    258.000     83.000    298.000    223.000    361.000    242.000    367.000    205.000    411.000    499.000    189.000    155.000    262.000    281.000    247.000    431.000     78.000    274.000    142.000    481.000     83.000    198.000    393.000     90.000    152.000    377.000    198.000    287.000    319.000     54.000    214.000    119.000    236.000    361.000    390.000    273.000    190.000    344.000    142.000    426.000    330.000    303.000    462.000    418.000    411.000    187.000    319.000    358.000    335.000    345.000    282.000    239.000    355.000    407.000    437.000     60.000    343.000    351.000     92.000    178.000    233.000    373.000    348.000     34.000    356.000    313.000    326.000    293.000    380.000     32.000     32.000    488.000
    56.000    366.000    100.000    159.000    303.000    184.000    392.000    225.000    335.000    327.000    188.000    385.000      0.000     94.000    262.000    163.000    309.000    265.000    392.000    280.000    267.000    451.000    244.000    216.000    304.000    287.000    465.000    296.000    129.000    416.000    220.000    161.000    451.000    324.000    201.000    268.000    118.000    300.000    273.000    243.000    198.000    106.000    262.000    255.000    354.000    184.000    262.000    193.000    320.000    351.000     23.000    421.000    261.000    412.000    398.000    208.000     74.000    390.000    240.000    326.000    198.000    226.000    167.000    264.000    383.000    223.000    254.000    365.000    185.000     81.000    178.000    153.000    394.000    243.000    133.000    263.000     83.000    264.000    105.000    396.000    444.000    413.000    150.000    389.000     91.000    426.000    317.000    301.000    322.000    215.000     38.000    393.000    206.000     74.000    146.000    358.000    147.000    399.000    399.000    241.000
    98.000    288.000    180.000     68.000    253.000    187.000    310.000    257.000    251.000    237.000    190.000    355.000     94.000      0.000    204.000     85.000    214.000    177.000    298.000    186.000    223.000    359.000    273.000    177.000    241.000    274.000    375.000    210.000    138.000    368.000    275.000    144.000    360.000    242.000    107.000    197.000     58.000    221.000    292.000    201.000    120.000     90.000    181.000    167.000    344.000    104.000    259.000    139.000    279.000    278.000    118.000    410.000    211.000    318.000    326.000    121.000     59.000    348.000    171.000    326.000    131.000    131.000     79.000    178.000    312.000    291.000    247.000    271.000     91.000     90.000    120.000     80.000    300.000    183.000     46.000    169.000     27.000    169.000     92.000    317.000    353.000    319.000     90.000    345.000    162.000    335.000    307.000    234.000    242.000    290.000     76.000    355.000    278.000     76.000     55.000    270.000    230.000    362.000    362.000    172.000
   294.000    387.000    363.000    211.000    412.000    390.000    390.000    461.000    333.000    162.000    392.000    530.000    262.000    204.000      0.000    250.000    215.000    272.000    302.000    225.000    394.000    362.000    477.000    360.000    382.000    466.000    398.000    111.000    343.000    519.000    475.000    343.000    383.000    338.000    164.000    333.000    150.000     85.000    496.000    377.000    267.000    294.000    297.000    118.000    535.000    255.000    457.000     68.000    447.000    390.000    282.000    598.000    377.000    324.000    433.000    244.000    262.000    508.000    317.000    523.000    294.000    177.000    141.000    276.000    424.000    484.000    444.000    232.000    199.000    294.000     85.000    124.000    278.000    342.000    220.000    199.000    231.000    211.000    296.000    406.000    379.000    304.000    115.000    504.000    351.000    361.000    499.000    370.000    343.000    477.000    268.000    521.000    468.000    279.000    208.000    331.000    409.000    528.000    528.000     43.000
   136.000    204.000    219.000     39.000    172.000    157.000    229.000    240.000    172.000    223.000    158.000    283.000    163.000     85.000    250.000      0.000    173.000    103.000    241.000    135.000    146.000    296.000    251.000    110.000    156.000    217.000    305.000    215.000    128.000    286.000    277.000    106.000    291.000    161.000     97.000    111.000    132.000    236.000    261.000    127.000     35.000     87.000     99.000    170.000    285.000     21.000    212.000    197.000    202.000    192.000    183.000    348.000    132.000    258.000    241.000     49.000     92.000    269.000     85.000    276.000     48.000    106.000    108.000    102.000    226.000    306.000    198.000    234.000     58.000    110.000    179.000    135.000    252.000    101.000     39.000    129.000     81.000    124.000     90.000    234.000    284.000    266.000    155.000    265.000    197.000    267.000    249.000    149.000    159.000    314.000    130.000    278.000    298.000    103.000     43.000    196.000    266.000    285.000    285.000    210.000
   301.000    186.000    386.000    154.000    258.000    324.000    181.000    409.000    132.000     79.000    324.000    379.000    309.000    214.000    215.000    173.000      0.000    103.000     93.000     41.000    259.000    157.000    417.000    252.000    216.000    353.000    186.000    112.000    302.000    343.000    451.000    274.000    171.000    144.000    109.000    176.000    213.000    145.000    421.000    253.000    157.000    260.000    135.000     98.000    412.000    159.000    362.000    211.000    298.000    199.000    332.000    463.000    240.000    116.000    233.000    128.000    255.000    342.000    177.000    416.000    185.000     82.000    152.000    109.000    228.000    479.000    347.000     61.000    126.000    279.000    204.000    184.000     86.000    207.000    182.000     45.000    230.000     49.000    263.000    199.000    166.000    107.000    205.000    337.000    365.000    147.000    383.000    200.000    152.000    487.000    286.000    359.000    471.000    270.000    166.000    120.000    435.000    367.000    367.000    176.000
   239.000    119.000    321.000    109.000    156.000    231.000    134.000    316.000     73.000    177.000    230.000    278.000    265.000    177.000    272.000    103.000    103.000      0.000    143.000     64.000    155.000    194.000    322.000    151.000    117.000    250.000    201.000    194.000    220.000    251.000    364.000    184.000    188.000     70.000    113.000     73.000    205.000    225.000    322.000    150.000     72.000    187.000     31.000    160.000    308.000     83.000    260.000    242.000    196.000    119.000    286.000    360.000    136.000    158.000    164.000     56.000    196.000    245.000     74.000    313.000     92.000     95.000    154.000      5.000    153.000    397.000    246.000    159.000     93.000    212.000    227.000    190.000    162.000    103.000    132.000     80.000    181.000     67.000    190.000    144.000    181.000    171.000    214.000    240.000    298.000    163.000    279.000    102.000     73.000    410.000    233.000    261.000    393.000    206.000    122.000     93.000    367.000    268.000    268.000    229.000
   376.000    157.000    460.000    233.000    267.000    374.000    134.000    458.000    116.000    145.000    372.000    377.000    392.000    298.000    302.000    241.000     93.000    143.000      0.000    111.000    281.000     63.000    463.000    290.000    221.000    378.000     96.000    192.000    363.000    323.000    507.000    328.000     81.000    137.000    199.000    198.000    304.000    223.000    459.000    283.000    214.000    327.000    166.000    189.000    426.000    222.000    395.000    304.000    305.000    180.000    415.000    467.000    264.000     23.000    196.000    192.000    331.000    331.000    212.000    440.000    235.000    171.000    244.000    146.000    197.000    541.000    381.000     77.000    207.000    351.000    297.000    276.000     38.000    237.000    260.000    132.000    310.000    129.000    331.000    154.000     78.000     30.000    298.000    325.000    438.000     61.000    403.000    206.000    146.000    553.000    365.000    351.000    536.000    343.000    245.000     84.000    508.000    358.000    358.000    266.000
   267.000    162.000    352.000    122.000    221.000    284.000    164.000    369.000    108.000    113.000    283.000    342.000    280.000    186.000    225.000    135.000     41.000     64.000    111.000      0.000    219.000    173.000    377.000    211.000    180.000    313.000    195.000    135.000    263.000    311.000    412.000    234.000    179.000    116.000     89.000    137.000    195.000    167.000    380.000    212.000    117.000    223.000     96.000    108.000    372.000    120.000    321.000    209.000    260.000    170.000    303.000    424.000    200.000    132.000    210.000     89.000    221.000    307.000    137.000    376.000    144.000     62.000    135.000     69.000    202.000    441.000    306.000    101.000     95.000    244.000    198.000    170.000    116.000    166.000    149.000     26.000    198.000     17.000    226.000    180.000    173.000    133.000    193.000    302.000    331.000    154.000    342.000    164.000    123.000    450.000    255.000    324.000    434.000    235.000    134.000    106.000    401.000    331.000    331.000    184.000
   216.000    155.000    271.000    184.000     39.000    126.000    192.000    196.000    168.000    331.000    122.000    136.000    267.000    223.000    394.000    146.000    259.000    155.000    281.000    219.000      0.000    314.000    194.000     50.000     68.000     97.000    301.000    340.000    154.000    149.000    257.000    111.000    292.000    147.000    232.000     84.000    277.000    367.000    182.000     23.000    127.000    160.000    124.000    299.000    152.000    138.000    116.000    344.000     56.000    129.000    279.000    208.000     18.000    288.000    163.000    153.000    195.000    125.000     83.000    159.000     99.000    229.000    254.000    150.000    148.000    299.000    103.000    313.000    194.000    186.000    326.000    281.000    309.000     54.000    184.000    231.000    206.000    219.000    162.000    184.000    285.000    311.000    301.000    123.000    249.000    274.000    124.000     80.000    138.000    321.000    228.000    132.000    303.000    193.000    190.000    202.000    304.000    139.000    139.000    352.000
   432.000    169.000    515.000    292.000    293.000    418.000    135.000    501.000    146.000    201.000    416.000    391.000    451.000    359.000    362.000    296.000    157.000    194.000     63.000    173.000    314.000      0.000    503.000    331.000    248.000    409.000     45.000    251.000    413.000    326.000    553.000    375.000     36.000    167.000    262.000    236.000    367.000    281.000    496.000    320.000    267.000    381.000    211.000    252.000    449.000    276.000    430.000    368.000    327.000    195.000    474.000    482.000    298.000     41.000    196.000    247.000    388.000    341.000    254.000    468.000    284.000    234.000    307.000    196.000    202.000    589.000    416.000    131.000    267.000    406.000    361.000    340.000     84.000    277.000    318.000    195.000    368.000    191.000    384.000    153.000     39.000     59.000    361.000    335.000    493.000     40.000    430.000    234.000    175.000    603.000    423.000    362.000    586.000    399.000    305.000    112.000    562.000    368.000    368.000    328.000
   192.000    350.000    175.000    284.000    226.000     94.000    387.000     21.000    356.000    474.000     94.000    220.000    244.000    273.000    477.000    251.000    417.000    322.000    463.000    377.000    194.000    503.000      0.000    172.000    263.000    120.000    494.000    465.000    134.000    291.000     78.000    145.000    484.000    336.000    347.000    267.000    329.000    483.000     35.000    183.000    260.000    183.000    296.000    419.000    153.000    260.000     85.000    412.000    209.000    323.000    239.000    209.000    207.000    473.000    354.000    290.000    215.000    257.000    251.000    111.000    233.000    358.000    343.000    318.000    339.000    124.000     94.000    478.000    309.000    184.000    393.000    353.000    485.000    226.000    265.000    378.000    245.000    369.000    181.000    378.000    477.000    492.000    363.000    260.000    165.000    465.000    128.000    273.000    329.000    154.000    219.000    246.000    137.000    199.000    281.000    391.000    175.000    249.000    249.000    443.000
   165.000    187.000    223.000    149.000     88.000     88.000    222.000    169.000    185.000    317.000     86.000    177.000    216.000    177.000    360.000    110.000    252.000    151.000    290.000    211.000     50.000    331.000    172.000      0.000    104.000    107.000    325.000    319.000    105.000    199.000    224.000     61.000    314.000    165.000    204.000     95.000    234.000    343.000    170.000     27.000    101.000    110.000    124.000    275.000    175.000    108.000    110.000    306.000    104.000    163.000    229.000    237.000     48.000    301.000    204.000    131.000    145.000    174.000     78.000    169.000     71.000    206.000    218.000    147.000    188.000    264.000     95.000    310.000    165.000    136.000    287.000    243.000    313.000     54.000    143.000    216.000    158.000    206.000    111.000    218.000    307.000    320.000    261.000    173.000    200.000    294.000    140.000    109.000    159.000    283.000    178.000    179.000    265.000    142.000    152.000    219.000    259.000    186.000    186.000    320.000
   260.000     87.000    325.000    186.000     46.000    190.000    124.000    264.000    104.000    293.000    187.000    163.000    304.000    241.000    382.000    156.000    216.000    117.000    221.000    180.000     68.000    248.000    263.000    104.000      0.000    161.000    232.000    311.000    208.000    137.000    324.000    164.000    224.000     84.000    218.000     49.000    287.000    341.000    251.000     82.000    124.000    201.000     87.000    275.000    204.000    139.000    184.000    342.000     84.000     60.000    320.000    249.000     57.000    225.000     99.000    139.000    229.000    128.000     70.000    220.000    109.000    207.000    250.000    111.000     84.000    366.000    171.000    263.000    186.000    229.000    325.000    283.000    252.000     61.000    196.000    197.000    231.000    184.000    203.000    116.000    217.000    251.000    305.000    123.000    303.000    208.000    182.000     15.000     75.000    386.000    266.000    144.000    368.000    232.000    196.000    139.000    363.000    152.000    152.000    339.000
   230.000    245.000    255.000    255.000    117.000    105.000    282.000    131.000    264.000    422.000    100.000    107.000    287.000    274.000    466.000    217.000    353.000    250.000    378.000    313.000     97.000    409.000    120.000    107.000    161.000      0.000    393.000    426.000    157.000    171.000    196.000    131.000    385.000    243.000    312.000    181.000    332.000    451.000     97.000    100.000    208.000    189.000    220.000    383.000     70.000    216.000     36.000    409.000     91.000    217.000    292.000    136.000    115.000    385.000    241.000    238.000    229.000    137.000    176.000     62.000    178.000    314.000    324.000    245.000    227.000    242.000     35.000    409.000    272.000    207.000    390.000    346.000    406.000    146.000    246.000    322.000    250.000    311.000    190.000    271.000    378.000    408.000    362.000    139.000    237.000    369.000     33.000    174.000    234.000    270.000    251.000    128.000    252.000    219.000    258.000    298.000    273.000    131.000    131.000    426.000
   441.000    147.000    522.000    307.000    275.000    413.000    111.000    493.000    140.000    241.000    411.000    364.000    465.000    375.000    398.000    305.000    186.000    201.000     96.000    195.000    301.000     45.000    494.000    325.000    232.000    393.000      0.000    289.000    414.000    294.000    549.000    374.000     15.000    159.000    285.000    230.000    390.000    320.000    483.000    310.000    273.000    387.000    212.000    285.000    426.000    284.000    416.000    398.000    307.000    175.000    487.000    455.000    287.000     74.000    166.000    258.000    398.000    312.000    252.000    449.000    286.000    257.000    331.000    202.000    174.000    587.000    404.000    171.000    284.000    413.000    390.000    365.000    126.000    270.000    332.000    219.000    382.000    213.000    390.000    126.000     21.000    102.000    388.000    306.000    499.000     40.000    411.000    221.000    166.000    603.000    435.000    333.000    586.000    408.000    320.000    109.000    566.000    339.000    339.000    362.000
   309.000    296.000    390.000    180.000    349.000    372.000    293.000    453.000    241.000     51.000    373.000    471.000    296.000    210.000    111.000    215.000    112.000    194.000    192.000    135.000    340.000    251.000    465.000    319.000    311.000    426.000    289.000      0.000    335.000    445.000    481.000    321.000    274.000    251.000    118.000    265.000    179.000     32.000    476.000    328.000    217.000    287.000    225.000     45.000    491.000    211.000    426.000    135.000    387.000    306.000    319.000    549.000    322.000    214.000    344.000    188.000    266.000    440.000    257.000    488.000    248.000    112.000    131.000    200.000    337.000    501.000    412.000    121.000    157.000    297.000    137.000    143.000    167.000    286.000    201.000    114.000    235.000    127.000    289.000    311.000    270.000    193.000    154.000    435.000    373.000    252.000    458.000    297.000    258.000    501.000    287.000    455.000    488.000    283.000    185.000    232.000    439.000    463.000    463.000     83.000
    73.000    287.000    117.000    156.000    193.000     54.000    320.000    119.000    274.000    349.000     58.000    258.000    129.000    138.000    343.000    128.000    302.000    220.000    363.000    263.000    154.000    413.000    134.000    105.000    208.000    157.000    414.000    335.000      0.000    298.000    149.000     44.000    402.000    257.000    218.000    188.000    195.000    351.000    154.000    131.000    148.000     49.000    202.000    289.000    225.000    143.000    132.000    278.000    201.000    265.000    135.000    291.000    154.000    378.000    308.000    174.000     81.000    269.000    163.000    198.000    129.000    233.000    209.000    217.000    293.000    178.000    124.000    363.000    183.000     53.000    259.000    218.000    378.000    151.000    133.000    258.000    111.000    252.000     47.000    318.000    395.000    390.000    229.000    269.000     94.000    379.000    187.000    211.000    251.000    190.000     95.000    269.000    173.000     67.000    150.000    305.000    155.000    275.000    275.000    309.000
   364.000    165.000    412.000    320.000    115.000    258.000    192.000    302.000    214.000    422.000    254.000     83.000    416.000    368.000    519.000    286.000    343.000    251.000    323.000    311.000    149.000    326.000    291.000    199.000    137.000    171.000    294.000    445.000    298.000      0.000    367.000    257.000    293.000    198.000    355.000    186.000    419.000    476.000    264.000    173.000    258.000    309.000    223.000    411.000    161.000    273.000    207.000    479.000     97.000    145.000    428.000    167.000    158.000    318.000    129.000    276.000    345.000     34.000    204.000    199.000    238.000    343.000    387.000    246.000    126.000    413.000    202.000    381.000    323.000    335.000    461.000    418.000    359.000    185.000    326.000    331.000    354.000    318.000    311.000    173.000    288.000    350.000    440.000     31.000    391.000    287.000    167.000    150.000    190.000    440.000    378.000     49.000    423.000    342.000    329.000    240.000    438.000     51.000     51.000    476.000
   180.000    410.000    129.000    304.000    292.000    136.000    446.000     64.000    409.000    498.000    138.000    298.000    220.000    275.000    475.000    277.000    451.000    364.000    507.000    412.000    257.000    553.000     78.000    224.000    324.000    196.000    549.000    481.000    149.000    367.000      0.000    179.000    538.000    390.000    366.000    319.000    325.000    495.000    111.000    242.000    295.000    195.000    342.000    436.000    230.000    291.000    159.000    407.000    280.000    385.000    208.000    284.000    266.000    521.000    420.000    323.000    216.000    333.000    299.000    188.000    272.000    382.000    352.000    360.000    405.000     46.000    165.000    512.000    332.000    184.000    389.000    354.000    525.000    278.000    280.000    407.000    248.000    401.000    192.000    440.000    531.000    535.000    359.000    335.000    130.000    517.000    206.000    332.000    383.000     76.000    206.000    323.000     60.000    199.000    297.000    442.000    110.000    326.000    326.000    446.000
   107.000    243.000    161.000    140.000    149.000     51.000    277.000    135.000    233.000    329.000     51.000    223.000    161.000    144.000    343.000    106.000    274.000    184.000    328.000    234.000    111.000    375.000    145.000     61.000    164.000    131.000    374.000    321.000     44.000    257.000    179.000      0.000    362.000    215.000    203.000    145.000    203.000    341.000    155.000     88.000    117.000     58.000    163.000    275.000    201.000    115.000    115.000    282.000    160.000    221.000    171.000    268.000    110.000    342.000    264.000    146.000     97.000    230.000    122.000    182.000     92.000    213.000    203.000    181.000    248.000    214.000    103.000    335.000    164.000     79.000    263.000    220.000    346.000    107.000    124.000    233.000    119.000    225.000     59.000    275.000    355.000    356.000    234.000    229.000    139.000    340.000    163.000    167.000    210.000    229.000    124.000    231.000    211.000     89.000    138.000    265.000    199.000    237.000    237.000    306.000
   427.000    141.000    508.000    292.000    268.000    402.000    106.000    483.000    129.000    226.000    400.000    361.000    451.000    360.000    383.000    291.000    171.000    188.000     81.000    179.000    292.000     36.000    484.000    314.000    224.000    385.000     15.000    274.000    402.000    293.000    538.000    362.000      0.000    148.000    269.000    219.000    374.000    305.000    475.000    300.000    260.000    374.000    200.000    269.000    421.000    271.000    408.000    382.000    301.000    169.000    473.000    452.000    277.000     59.000    164.000    243.000    384.000    310.000    240.000    442.000    273.000    242.000    315.000    189.000    171.000    576.000    395.000    157.000    269.000    400.000    374.000    350.000    112.000    260.000    317.000    203.000    367.000    197.000    377.000    122.000      7.000     89.000    372.000    303.000    486.000     25.000    405.000    212.000    155.000    591.000    421.000    331.000    574.000    395.000    305.000     97.000    554.000    336.000    336.000    346.000
   291.000     49.000    368.000    176.000    130.000    254.000     68.000    335.000     21.000    223.000    251.000    242.000    324.000    242.000    338.000    161.000    144.000     70.000    137.000    116.000    147.000    167.000    336.000    165.000     84.000    243.000    159.000    251.000    257.000    198.000    390.000    215.000    148.000      0.000    183.000     70.000    274.000    283.000    328.000    152.000    125.000    234.000     62.000    222.000    288.000    140.000    262.000    312.000    168.000     54.000    344.000    331.000    130.000    142.000     95.000    122.000    251.000    200.000     93.000    303.000    131.000    163.000    225.000     67.000     86.000    428.000    249.000    184.000    163.000    261.000    297.000    260.000    169.000    111.000    196.000    139.000    242.000    127.000    237.000     75.000    141.000    167.000    284.000    195.000    345.000    129.000    266.000     69.000      9.000    444.000    289.000    219.000    427.000    259.000    189.000     55.000    411.000    226.000    226.000    295.000
   200.000    232.000    285.000     62.000    248.000    253.000    244.000    335.000    183.000    133.000    254.000    367.000    201.000    107.000    164.000     97.000    109.000    113.000    199.000     89.000    232.000    262.000    347.000    204.000    218.000    312.000    285.000    118.000    218.000    355.000    366.000    203.000    269.000    183.000      0.000    169.000    105.000    139.000    358.000    217.000    105.000    170.000    134.000     72.000    379.000     96.000    309.000    128.000    284.000    232.000    225.000    439.000    215.000    221.000    278.000     80.000    155.000    344.000    153.000    372.000    134.000     27.000     45.000    117.000    266.000    388.000    296.000    164.000     39.000    184.000    114.000     81.000    195.000    180.000     85.000     67.000    126.000     72.000    173.000    256.000    263.000    216.000    104.000    340.000    265.000    244.000    344.000    206.000    186.000    391.000    182.000    357.000    377.000    171.000     68.000    191.000    335.000    364.000    364.000    121.000
   228.000    100.000    301.000    139.000     83.000    183.000    132.000    265.000     90.000    250.000    181.000    205.000    268.000    197.000    333.000    111.000    176.000     73.000    198.000    137.000     84.000    236.000    267.000     95.000     49.000    181.000    230.000    265.000    188.000    186.000    319.000    145.000    219.000     70.000    169.000      0.000    240.000    294.000    261.000     85.000     77.000    170.000     41.000    227.000    236.000     93.000    196.000    293.000    123.000     83.000    286.000    287.000     66.000    207.000    130.000     90.000    193.000    176.000     27.000    244.000     69.000    158.000    202.000     67.000    116.000    357.000    182.000    229.000    137.000    198.000    277.000    235.000    224.000     40.000    151.000    152.000    190.000    140.000    173.000    132.000    212.000    228.000    257.000    171.000    278.000    199.000    208.000     38.000     64.000    374.000    231.000    190.000    357.000    198.000    149.000    124.000    343.000    198.000    198.000    290.000
